[2025-02-26 10:45:25] INFO: Window successfully created!
[2025-02-26 10:45:25] DEBUG: Camera Position: (0, 0, 0)
[2025-02-26 10:45:25] DEBUG: Front Vector: (0, 0, -1)
[2025-02-26 10:45:25] DEBUG: View Matrix:
[   1.0000   0.0000   0.0000   0.0000 ]
[  -0.0000   1.0000   0.0000   0.0000 ]
[   0.0000   0.0000  -1.0000   0.0000 ]
[  -0.0000  -0.0000  -0.0000   1.0000 ]

[2025-02-26 10:45:25] DEBUG: Rendering object at (0, 0, 0)
[2025-02-26 10:45:25] DEBUG: Rendering object at (1.5, 2, 1)
[2025-02-26 10:45:25] DEBUG: Camera Position: (0, 0, 0)
[2025-02-26 10:45:25] DEBUG: Front Vector: (-0.00833266, 0, -0.999965)
[2025-02-26 10:45:25] DEBUG: View Matrix:
[   1.0000   0.0000  -0.0083   0.0000 ]
[   0.0000   1.0000   0.0000   0.0000 ]
[  -0.0083   0.0000  -1.0000   0.0000 ]
[  -0.0000  -0.0000  -0.0000   1.0000 ]

[2025-02-26 10:45:25] DEBUG: Rendering object at (0.0833295, 0, 10)
[2025-02-26 10:45:25] DEBUG: Rendering object at (1.5, 2, 1)
[2025-02-26 10:45:25] DEBUG: Camera Position: (0, 0, 0)
[2025-02-26 10:45:25] DEBUG: Front Vector: (-0.0166613, 0, -0.999861)
[2025-02-26 10:45:25] DEBUG: View Matrix:
[   0.9999   0.0000  -0.0167   0.0000 ]
[   0.0000   1.0000   0.0000   0.0000 ]
[  -0.0167   0.0000  -0.9999   0.0000 ]
[  -0.0000  -0.0000  -0.0000   1.0000 ]

[2025-02-26 10:45:25] DEBUG: Rendering object at (0.166636, 0, 10)
[2025-02-26 10:45:25] DEBUG: Rendering object at (1.5, 2, 1)
[2025-02-26 10:45:25] DEBUG: Camera Position: (0, 0, 0)
[2025-02-26 10:45:25] DEBUG: Front Vector: (-0.0249818, 0, -0.999688)
[2025-02-26 10:45:25] DEBUG: View Matrix:
[   0.9997   0.0000  -0.0250   0.0000 ]
[   0.0000   1.0000   0.0000   0.0000 ]
[  -0.0250   0.0000  -0.9997   0.0000 ]
[  -0.0000  -0.0000  -0.0000   1.0000 ]

[2025-02-26 10:45:25] DEBUG: Rendering object at (0.249896, 0, 10)
[2025-02-26 10:45:25] DEBUG: Rendering object at (1.5, 2, 1)
[2025-02-26 10:45:25] DEBUG: Camera Position: (0, 0, 0)
[2025-02-26 10:45:25] DEBUG: Front Vector: (-0.0332902, 0, -0.999446)
[2025-02-26 10:45:25] DEBUG: View Matrix:
[   0.9994   0.0000  -0.0333   0.0000 ]
[   0.0000   1.0000   0.0000   0.0000 ]
[  -0.0333   0.0000  -0.9994   0.0000 ]
[  -0.0000  -0.0000  -0.0000   1.0000 ]

[2025-02-26 10:45:25] DEBUG: Rendering object at (0.333086, 0, 10)
[2025-02-26 10:45:25] DEBUG: Rendering object at (1.5, 2, 1)
[2025-02-26 10:45:25] DEBUG: Camera Position: (0, 0, 0)
[2025-02-26 10:45:25] DEBUG: Front Vector: (-0.0415825, 0, -0.999135)
[2025-02-26 10:45:25] DEBUG: View Matrix:
[   0.9991   0.0000  -0.0416   0.0000 ]
[   0.0000   1.0000   0.0000   0.0000 ]
[  -0.0416   0.0000  -0.9991   0.0000 ]
[  -0.0000  -0.0000  -0.0000   1.0000 ]

[2025-02-26 10:45:25] DEBUG: Rendering object at (0.416185, 0, 10)
[2025-02-26 10:45:25] DEBUG: Rendering object at (1.5, 2, 1)
[2025-02-26 10:45:25] DEBUG: Camera Position: (0, 0, 0)
[2025-02-26 10:45:25] DEBUG: Front Vector: (-0.0498546, 0, -0.998756)
[2025-02-26 10:45:25] DEBUG: View Matrix:
[   0.9988   0.0000  -0.0499   0.0000 ]
[   0.0000   1.0000   0.0000   0.0000 ]
[  -0.0499   0.0000  -0.9988   0.0000 ]
[  -0.0000  -0.0000  -0.0000   1.0000 ]

[2025-02-26 10:45:25] DEBUG: Rendering object at (0.499167, 0, 10)
[2025-02-26 10:45:25] DEBUG: Rendering object at (1.5, 2, 1)
[2025-02-26 10:45:25] DEBUG: Camera Position: (0, 0, 0)
[2025-02-26 10:45:25] DEBUG: Front Vector: (-0.0581028, 0, -0.998311)
[2025-02-26 10:45:25] DEBUG: View Matrix:
[   0.9983   0.0000  -0.0581   0.0000 ]
[   0.0000   1.0000   0.0000   0.0000 ]
[  -0.0581   0.0000  -0.9983   0.0000 ]
[  -0.0000  -0.0000  -0.0000   1.0000 ]

[2025-02-26 10:45:25] DEBUG: Rendering object at (0.582011, 0, 10)
[2025-02-26 10:45:25] DEBUG: Rendering object at (1.5, 2, 1)
[2025-02-26 10:45:25] DEBUG: Camera Position: (0, 0, 0)
[2025-02-26 10:45:25] DEBUG: Front Vector: (-0.066323, 0, -0.997798)
[2025-02-26 10:45:25] DEBUG: View Matrix:
[   0.9978   0.0000  -0.0663   0.0000 ]
[   0.0000   1.0000   0.0000   0.0000 ]
[  -0.0663   0.0000  -0.9978   0.0000 ]
[  -0.0000  -0.0000  -0.0000   1.0000 ]

[2025-02-26 10:45:25] DEBUG: Rendering object at (0.664693, 0, 10)
[2025-02-26 10:45:25] DEBUG: Rendering object at (1.5, 2, 1)
[2025-02-26 10:45:25] DEBUG: Camera Position: (0, 0, 0)
[2025-02-26 10:45:25] DEBUG: Front Vector: (-0.0745114, 0, -0.99722)
[2025-02-26 10:45:25] DEBUG: View Matrix:
[   0.9972   0.0000  -0.0745   0.0000 ]
[   0.0000   1.0000   0.0000   0.0000 ]
[  -0.0745   0.0000  -0.9972   0.0000 ]
[  -0.0000  -0.0000  -0.0000   1.0000 ]

[2025-02-26 10:45:25] DEBUG: Rendering object at (0.747191, 0, 10)
[2025-02-26 10:45:25] DEBUG: Rendering object at (1.5, 2, 1)
[2025-02-26 10:45:25] DEBUG: Camera Position: (0, 0, 0)
[2025-02-26 10:45:25] DEBUG: Front Vector: (-0.0826642, 0, -0.996577)
[2025-02-26 10:45:25] DEBUG: View Matrix:
[   0.9966   0.0000  -0.0827   0.0000 ]
[   0.0000   1.0000   0.0000   0.0000 ]
[  -0.0827   0.0000  -0.9966   0.0000 ]
[  -0.0000  -0.0000  -0.0000   1.0000 ]

[2025-02-26 10:45:25] DEBUG: Rendering object at (0.829481, 0, 10)
[2025-02-26 10:45:25] DEBUG: Rendering object at (1.5, 2, 1)
[2025-02-26 10:45:25] DEBUG: Camera Position: (0, 0, 0)
[2025-02-26 10:45:25] DEBUG: Front Vector: (-0.0907777, 0, -0.995871)
[2025-02-26 10:45:25] DEBUG: View Matrix:
[   0.9959   0.0000  -0.0908   0.0000 ]
[   0.0000   1.0000   0.0000   0.0000 ]
[  -0.0908   0.0000  -0.9959   0.0000 ]
[  -0.0000  -0.0000  -0.0000   1.0000 ]

[2025-02-26 10:45:25] DEBUG: Rendering object at (0.91154, 0, 10)
[2025-02-26 10:45:25] DEBUG: Rendering object at (1.5, 2, 1)
[2025-02-26 10:45:25] DEBUG: Camera Position: (0, 0, 0)
[2025-02-26 10:45:25] DEBUG: Front Vector: (-0.0988482, 0, -0.995103)
[2025-02-26 10:45:25] DEBUG: View Matrix:
[   0.9951   0.0000  -0.0988   0.0000 ]
[   0.0000   1.0000   0.0000   0.0000 ]
[  -0.0988   0.0000  -0.9951   0.0000 ]
[  -0.0000  -0.0000  -0.0000   1.0000 ]

[2025-02-26 10:45:25] DEBUG: Rendering object at (0.993347, 0, 10)
[2025-02-26 10:45:25] DEBUG: Rendering object at (1.5, 2, 1)
[2025-02-26 10:45:25] DEBUG: Camera Position: (0, 0, 0)
[2025-02-26 10:45:25] DEBUG: Front Vector: (-0.106872, 0, -0.994273)
[2025-02-26 10:45:25] DEBUG: View Matrix:
[   0.9943   0.0000  -0.1069   0.0000 ]
[   0.0000   1.0000   0.0000   0.0000 ]
[  -0.1069   0.0000  -0.9943   0.0000 ]
[  -0.0000  -0.0000  -0.0000   1.0000 ]

[2025-02-26 10:45:25] DEBUG: Rendering object at (1.07488, 0, 10)
[2025-02-26 10:45:25] DEBUG: Rendering object at (1.5, 2, 1)
[2025-02-26 10:45:25] DEBUG: Camera Position: (0, 0, 0)
[2025-02-26 10:45:25] DEBUG: Front Vector: (-0.114846, 0, -0.993383)
[2025-02-26 10:45:25] DEBUG: View Matrix:
[   0.9934   0.0000  -0.1148   0.0000 ]
[   0.0000   1.0000   0.0000   0.0000 ]
[  -0.1148   0.0000  -0.9934   0.0000 ]
[  -0.0000  -0.0000  -0.0000   1.0000 ]

[2025-02-26 10:45:25] DEBUG: Rendering object at (1.15611, 0, 10)
[2025-02-26 10:45:25] DEBUG: Rendering object at (1.5, 2, 1)
[2025-02-26 10:45:25] DEBUG: Camera Position: (0, 0, 0)
[2025-02-26 10:45:25] DEBUG: Front Vector: (-0.122766, 0, -0.992436)
[2025-02-26 10:45:25] DEBUG: View Matrix:
[   0.9924   0.0000  -0.1228   0.0000 ]
[   0.0000   1.0000   0.0000   0.0000 ]
[  -0.1228   0.0000  -0.9924   0.0000 ]
[  -0.0000  -0.0000  -0.0000   1.0000 ]

[2025-02-26 10:45:25] DEBUG: Rendering object at (1.23702, 0, 10)
[2025-02-26 10:45:25] DEBUG: Rendering object at (1.5, 2, 1)
[2025-02-26 10:45:25] DEBUG: Camera Position: (0, 0, 0)
[2025-02-26 10:45:25] DEBUG: Front Vector: (-0.13063, 0, -0.991431)
[2025-02-26 10:45:25] DEBUG: View Matrix:
[   0.9914   0.0000  -0.1306   0.0000 ]
[   0.0000   1.0000   0.0000   0.0000 ]
[  -0.1306   0.0000  -0.9914   0.0000 ]
[  -0.0000  -0.0000  -0.0000   1.0000 ]

[2025-02-26 10:45:25] DEBUG: Rendering object at (1.31759, 0, 10)
[2025-02-26 10:45:25] DEBUG: Rendering object at (1.5, 2, 1)
[2025-02-26 10:45:25] DEBUG: Camera Position: (0, 0, 0)
[2025-02-26 10:45:25] DEBUG: Front Vector: (-0.138433, 0, -0.990372)
[2025-02-26 10:45:25] DEBUG: View Matrix:
[   0.9904   0.0000  -0.1384   0.0000 ]
[   0.0000   1.0000   0.0000   0.0000 ]
[  -0.1384   0.0000  -0.9904   0.0000 ]
[  -0.0000  -0.0000  -0.0000   1.0000 ]

[2025-02-26 10:45:25] DEBUG: Rendering object at (1.39779, 0, 10)
[2025-02-26 10:45:25] DEBUG: Rendering object at (1.5, 2, 1)
[2025-02-26 10:45:26] DEBUG: Camera Position: (0, 0, 0)
[2025-02-26 10:45:26] DEBUG: Front Vector: (-0.146173, 0, -0.989259)
[2025-02-26 10:45:26] DEBUG: View Matrix:
[   0.9893   0.0000  -0.1462   0.0000 ]
[   0.0000   1.0000   0.0000   0.0000 ]
[  -0.1462   0.0000  -0.9893   0.0000 ]
[  -0.0000  -0.0000  -0.0000   1.0000 ]

[2025-02-26 10:45:26] DEBUG: Rendering object at (1.4776, 0, 10)
[2025-02-26 10:45:26] DEBUG: Rendering object at (1.5, 2, 1)
[2025-02-26 10:45:26] DEBUG: Camera Position: (0, 0, 0)
[2025-02-26 10:45:26] DEBUG: Front Vector: (-0.153847, 0, -0.988095)
[2025-02-26 10:45:26] DEBUG: View Matrix:
[   0.9881   0.0000  -0.1538   0.0000 ]
[   0.0000   1.0000   0.0000   0.0000 ]
[  -0.1538   0.0000  -0.9881   0.0000 ]
[  -0.0000  -0.0000  -0.0000   1.0000 ]

[2025-02-26 10:45:26] DEBUG: Rendering object at (1.557, 0, 10)
[2025-02-26 10:45:26] DEBUG: Rendering object at (1.5, 2, 1)
[2025-02-26 10:45:26] DEBUG: Camera Position: (0, 0, 0)
[2025-02-26 10:45:26] DEBUG: Front Vector: (-0.161451, 0, -0.986881)
[2025-02-26 10:45:26] DEBUG: View Matrix:
[   0.9869   0.0000  -0.1615   0.0000 ]
[   0.0000   1.0000   0.0000   0.0000 ]
[  -0.1615   0.0000  -0.9869   0.0000 ]
[  -0.0000  -0.0000  -0.0000   1.0000 ]

[2025-02-26 10:45:26] DEBUG: Rendering object at (1.63597, 0, 10)
[2025-02-26 10:45:26] DEBUG: Rendering object at (1.5, 2, 1)
[2025-02-26 10:45:26] DEBUG: Camera Position: (0, 0, 0)
[2025-02-26 10:45:26] DEBUG: Front Vector: (-0.168983, 0, -0.985619)
[2025-02-26 10:45:26] DEBUG: View Matrix:
[   0.9856   0.0000  -0.1690   0.0000 ]
[   0.0000   1.0000   0.0000   0.0000 ]
[  -0.1690   0.0000  -0.9856   0.0000 ]
[  -0.0000  -0.0000  -0.0000   1.0000 ]

[2025-02-26 10:45:26] DEBUG: Rendering object at (1.71449, 0, 10)
[2025-02-26 10:45:26] DEBUG: Rendering object at (1.5, 2, 1)
[2025-02-26 10:45:26] DEBUG: Camera Position: (0, 0, 0)
[2025-02-26 10:45:26] DEBUG: Front Vector: (-0.176441, 0, -0.984311)
[2025-02-26 10:45:26] DEBUG: View Matrix:
[   0.9843   0.0000  -0.1764   0.0000 ]
[   0.0000   1.0000   0.0000   0.0000 ]
[  -0.1764   0.0000  -0.9843   0.0000 ]
[  -0.0000  -0.0000  -0.0000   1.0000 ]

[2025-02-26 10:45:26] DEBUG: Rendering object at (1.79253, 0, 10)
[2025-02-26 10:45:26] DEBUG: Rendering object at (1.5, 2, 1)
[2025-02-26 10:45:26] DEBUG: Camera Position: (0, 0, 0)
[2025-02-26 10:45:26] DEBUG: Front Vector: (-0.18382, 0, -0.98296)
[2025-02-26 10:45:26] DEBUG: View Matrix:
[   0.9830   0.0000  -0.1838   0.0000 ]
[   0.0000   1.0000   0.0000   0.0000 ]
[  -0.1838   0.0000  -0.9830   0.0000 ]
[  -0.0000  -0.0000  -0.0000   1.0000 ]

[2025-02-26 10:45:26] DEBUG: Rendering object at (1.87007, 0, 10)
[2025-02-26 10:45:26] DEBUG: Rendering object at (1.5, 2, 1)
[2025-02-26 10:45:26] DEBUG: Camera Position: (0, 0, 0)
[2025-02-26 10:45:26] DEBUG: Front Vector: (-0.19112, 0, -0.981567)
[2025-02-26 10:45:26] DEBUG: View Matrix:
[   0.9816   0.0000  -0.1911   0.0000 ]
[   0.0000   1.0000   0.0000   0.0000 ]
[  -0.1911   0.0000  -0.9816   0.0000 ]
[  -0.0000  -0.0000  -0.0000   1.0000 ]

[2025-02-26 10:45:26] DEBUG: Rendering object at (1.94709, 0, 10)
[2025-02-26 10:45:26] DEBUG: Rendering object at (1.5, 2, 1)
[2025-02-26 10:45:26] DEBUG: Camera Position: (0, 0, 0)
[2025-02-26 10:45:26] DEBUG: Front Vector: (-0.198337, 0, -0.980134)
[2025-02-26 10:45:26] DEBUG: View Matrix:
[   0.9801   0.0000  -0.1983   0.0000 ]
[   0.0000   1.0000   0.0000   0.0000 ]
[  -0.1983   0.0000  -0.9801   0.0000 ]
[  -0.0000  -0.0000  -0.0000   1.0000 ]

[2025-02-26 10:45:26] DEBUG: Rendering object at (2.02357, 0, 10)
[2025-02-26 10:45:26] DEBUG: Rendering object at (1.5, 2, 1)
[2025-02-26 10:45:26] DEBUG: Camera Position: (0, 0, 0)
[2025-02-26 10:45:26] DEBUG: Front Vector: (-0.20547, 0, -0.978663)
[2025-02-26 10:45:26] DEBUG: View Matrix:
[   0.9787   0.0000  -0.2055   0.0000 ]
[   0.0000   1.0000   0.0000   0.0000 ]
[  -0.2055   0.0000  -0.9787   0.0000 ]
[  -0.0000  -0.0000  -0.0000   1.0000 ]

[2025-02-26 10:45:26] DEBUG: Rendering object at (2.09949, 0, 10)
[2025-02-26 10:45:26] DEBUG: Rendering object at (1.5, 2, 1)
[2025-02-26 10:45:26] DEBUG: Camera Position: (0, 0, 0)
[2025-02-26 10:45:26] DEBUG: Front Vector: (-0.212515, 0, -0.977158)
[2025-02-26 10:45:26] DEBUG: View Matrix:
[   0.9772   0.0000  -0.2125   0.0000 ]
[   0.0000   1.0000   0.0000   0.0000 ]
[  -0.2125   0.0000  -0.9772   0.0000 ]
[  -0.0000  -0.0000  -0.0000   1.0000 ]

[2025-02-26 10:45:26] DEBUG: Rendering object at (2.17483, 0, 10)
[2025-02-26 10:45:26] DEBUG: Rendering object at (1.5, 2, 1)
[2025-02-26 10:45:26] DEBUG: Camera Position: (0, 0, 0)
[2025-02-26 10:45:26] DEBUG: Front Vector: (-0.219471, 0, -0.975619)
[2025-02-26 10:45:26] DEBUG: View Matrix:
[   0.9756   0.0000  -0.2195   0.0000 ]
[   0.0000   1.0000   0.0000   0.0000 ]
[  -0.2195   0.0000  -0.9756   0.0000 ]
[  -0.0000  -0.0000  -0.0000   1.0000 ]

[2025-02-26 10:45:26] DEBUG: Rendering object at (2.24956, 0, 10)
[2025-02-26 10:45:26] DEBUG: Rendering object at (1.5, 2, 1)
[2025-02-26 10:45:26] DEBUG: Camera Position: (0, 0, 0)
[2025-02-26 10:45:26] DEBUG: Front Vector: (-0.226337, 0, -0.974049)
[2025-02-26 10:45:26] DEBUG: View Matrix:
[   0.9740   0.0000  -0.2263   0.0000 ]
[   0.0000   1.0000   0.0000   0.0000 ]
[  -0.2263   0.0000  -0.9740   0.0000 ]
[  -0.0000  -0.0000  -0.0000   1.0000 ]

[2025-02-26 10:45:26] DEBUG: Rendering object at (2.32367, 0, 10)
[2025-02-26 10:45:26] DEBUG: Rendering object at (1.5, 2, 1)
[2025-02-26 10:45:26] DEBUG: Camera Position: (0, 0, 0)
[2025-02-26 10:45:26] DEBUG: Front Vector: (-0.233109, 0, -0.972451)
[2025-02-26 10:45:26] DEBUG: View Matrix:
[   0.9725   0.0000  -0.2331   0.0000 ]
[   0.0000   1.0000   0.0000   0.0000 ]
[  -0.2331   0.0000  -0.9725   0.0000 ]
[  -0.0000  -0.0000  -0.0000   1.0000 ]

[2025-02-26 10:45:26] DEBUG: Rendering object at (2.39713, 0, 10)
[2025-02-26 10:45:26] DEBUG: Rendering object at (1.5, 2, 1)
[2025-02-26 10:45:26] DEBUG: Camera Position: (0, 0, 0)
[2025-02-26 10:45:26] DEBUG: Front Vector: (-0.239787, 0, -0.970826)
[2025-02-26 10:45:26] DEBUG: View Matrix:
[   0.9708   0.0000  -0.2398   0.0000 ]
[   0.0000   1.0000   0.0000   0.0000 ]
[  -0.2398   0.0000  -0.9708   0.0000 ]
[  -0.0000  -0.0000  -0.0000   1.0000 ]

[2025-02-26 10:45:26] DEBUG: Rendering object at (2.46992, 0, 10)
[2025-02-26 10:45:26] DEBUG: Rendering object at (1.5, 2, 1)
[2025-02-26 10:45:26] DEBUG: Camera Position: (0, 0, 0)
[2025-02-26 10:45:26] DEBUG: Front Vector: (-0.246368, 0, -0.969176)
[2025-02-26 10:45:26] DEBUG: View Matrix:
[   0.9692   0.0000  -0.2464   0.0000 ]
[   0.0000   1.0000   0.0000   0.0000 ]
[  -0.2464   0.0000  -0.9692   0.0000 ]
[  -0.0000  -0.0000  -0.0000   1.0000 ]

[2025-02-26 10:45:26] DEBUG: Rendering object at (2.54203, 0, 10)
[2025-02-26 10:45:26] DEBUG: Rendering object at (1.5, 2, 1)
[2025-02-26 10:45:26] DEBUG: Camera Position: (0, 0, 0)
[2025-02-26 10:45:26] DEBUG: Front Vector: (-0.252851, 0, -0.967505)
[2025-02-26 10:45:26] DEBUG: View Matrix:
[   0.9675   0.0000  -0.2529   0.0000 ]
[   0.0000   1.0000   0.0000   0.0000 ]
[  -0.2529   0.0000  -0.9675   0.0000 ]
[  -0.0000  -0.0000  -0.0000   1.0000 ]

[2025-02-26 10:45:26] DEBUG: Rendering object at (2.61344, 0, 10)
[2025-02-26 10:45:26] DEBUG: Rendering object at (1.5, 2, 1)
[2025-02-26 10:45:26] DEBUG: Camera Position: (0, 0, 0)
[2025-02-26 10:45:26] DEBUG: Front Vector: (-0.259236, 0, -0.965814)
[2025-02-26 10:45:26] DEBUG: View Matrix:
[   0.9658   0.0000  -0.2592   0.0000 ]
[   0.0000   1.0000   0.0000   0.0000 ]
[  -0.2592   0.0000  -0.9658   0.0000 ]
[  -0.0000  -0.0000  -0.0000   1.0000 ]

[2025-02-26 10:45:26] DEBUG: Rendering object at (2.68411, 0, 10)
[2025-02-26 10:45:26] DEBUG: Rendering object at (1.5, 2, 1)
[2025-02-26 10:45:26] DEBUG: Camera Position: (0, 0, 0)
[2025-02-26 10:45:26] DEBUG: Front Vector: (-0.265519, 0, -0.964106)
[2025-02-26 10:45:26] DEBUG: View Matrix:
[   0.9641   0.0000  -0.2655   0.0000 ]
[   0.0000   1.0000   0.0000   0.0000 ]
[  -0.2655   0.0000  -0.9641   0.0000 ]
[  -0.0000  -0.0000  -0.0000   1.0000 ]

[2025-02-26 10:45:26] DEBUG: Rendering object at (2.75405, 0, 10)
[2025-02-26 10:45:26] DEBUG: Rendering object at (1.5, 2, 1)
[2025-02-26 19:06:40] INFO: Window successfully created!
[2025-02-26 19:06:40] DEBUG: Camera Position: (0, 0, 0)
[2025-02-26 19:06:40] DEBUG: Front Vector: (0, 0, -1)
[2025-02-26 19:06:40] DEBUG: View Matrix:
[   1.0000   0.0000   0.0000   0.0000 ]
[  -0.0000   1.0000   0.0000   0.0000 ]
[   0.0000   0.0000  -1.0000   0.0000 ]
[  -0.0000  -0.0000  -0.0000   1.0000 ]

[2025-02-26 19:06:40] DEBUG: Rendering object at (0, 0, 0)
[2025-02-26 19:06:40] DEBUG: Rendering object at (1.5, 2, 1)
[2025-02-26 19:06:40] DEBUG: Camera Position: (0, 0, 0)
[2025-02-26 19:06:40] DEBUG: Front Vector: (-0.00833266, 0, -0.999965)
[2025-02-26 19:06:40] DEBUG: View Matrix:
[   1.0000   0.0000  -0.0083   0.0000 ]
[   0.0000   1.0000   0.0000   0.0000 ]
[  -0.0083   0.0000  -1.0000   0.0000 ]
[  -0.0000  -0.0000  -0.0000   1.0000 ]

[2025-02-26 19:06:40] DEBUG: Rendering object at (0.0833295, 0, 10)
[2025-02-26 19:06:40] DEBUG: Rendering object at (1.5, 2, 1)
[2025-02-26 19:06:40] DEBUG: Camera Position: (0, 0, 0)
[2025-02-26 19:06:40] DEBUG: Front Vector: (-0.0249818, 0, -0.999688)
[2025-02-26 19:06:40] DEBUG: View Matrix:
[   0.9997   0.0000  -0.0250   0.0000 ]
[   0.0000   1.0000   0.0000   0.0000 ]
[  -0.0250   0.0000  -0.9997   0.0000 ]
[  -0.0000  -0.0000  -0.0000   1.0000 ]

[2025-02-26 19:06:40] DEBUG: Rendering object at (0.249896, 0, 10)
[2025-02-26 19:06:40] DEBUG: Rendering object at (1.5, 2, 1)
[2025-02-26 19:06:40] DEBUG: Camera Position: (0, 0, 0)
[2025-02-26 19:06:40] DEBUG: Front Vector: (-0.0332902, 0, -0.999446)
[2025-02-26 19:06:40] DEBUG: View Matrix:
[   0.9994   0.0000  -0.0333   0.0000 ]
[   0.0000   1.0000   0.0000   0.0000 ]
[  -0.0333   0.0000  -0.9994   0.0000 ]
[  -0.0000  -0.0000  -0.0000   1.0000 ]

[2025-02-26 19:06:40] DEBUG: Rendering object at (0.333086, 0, 10)
[2025-02-26 19:06:40] DEBUG: Rendering object at (1.5, 2, 1)
[2025-02-26 19:06:40] DEBUG: Camera Position: (0, 0, 0)
[2025-02-26 19:06:40] DEBUG: Front Vector: (-0.0415825, 0, -0.999135)
[2025-02-26 19:06:40] DEBUG: View Matrix:
[   0.9991   0.0000  -0.0416   0.0000 ]
[   0.0000   1.0000   0.0000   0.0000 ]
[  -0.0416   0.0000  -0.9991   0.0000 ]
[  -0.0000  -0.0000  -0.0000   1.0000 ]

[2025-02-26 19:06:40] DEBUG: Rendering object at (0.416185, 0, 10)
[2025-02-26 19:06:40] DEBUG: Rendering object at (1.5, 2, 1)
[2025-02-26 19:06:40] DEBUG: Camera Position: (0, 0, 0)
[2025-02-26 19:06:40] DEBUG: Front Vector: (-0.0498546, 0, -0.998756)
[2025-02-26 19:06:40] DEBUG: View Matrix:
[   0.9988   0.0000  -0.0499   0.0000 ]
[   0.0000   1.0000   0.0000   0.0000 ]
[  -0.0499   0.0000  -0.9988   0.0000 ]
[  -0.0000  -0.0000  -0.0000   1.0000 ]

[2025-02-26 19:06:40] DEBUG: Rendering object at (0.499167, 0, 10)
[2025-02-26 19:06:40] DEBUG: Rendering object at (1.5, 2, 1)
[2025-02-26 19:06:40] DEBUG: Camera Position: (0, 0, 0)
[2025-02-26 19:06:40] DEBUG: Front Vector: (-0.0581028, 0, -0.998311)
[2025-02-26 19:06:40] DEBUG: View Matrix:
[   0.9983   0.0000  -0.0581   0.0000 ]
[   0.0000   1.0000   0.0000   0.0000 ]
[  -0.0581   0.0000  -0.9983   0.0000 ]
[  -0.0000  -0.0000  -0.0000   1.0000 ]

[2025-02-26 19:06:40] DEBUG: Rendering object at (0.582011, 0, 10)
[2025-02-26 19:06:40] DEBUG: Rendering object at (1.5, 2, 1)
[2025-02-26 19:06:40] DEBUG: Camera Position: (0, 0, 0)
[2025-02-26 19:06:40] DEBUG: Front Vector: (-0.066323, 0, -0.997798)
[2025-02-26 19:06:40] DEBUG: View Matrix:
[   0.9978   0.0000  -0.0663   0.0000 ]
[   0.0000   1.0000   0.0000   0.0000 ]
[  -0.0663   0.0000  -0.9978   0.0000 ]
[  -0.0000  -0.0000  -0.0000   1.0000 ]

[2025-02-26 19:06:40] DEBUG: Rendering object at (0.664693, 0, 10)
[2025-02-26 19:06:40] DEBUG: Rendering object at (1.5, 2, 1)
[2025-02-26 19:06:40] DEBUG: Camera Position: (0, 0, 0)
[2025-02-26 19:06:40] DEBUG: Front Vector: (-0.0745114, 0, -0.99722)
[2025-02-26 19:06:40] DEBUG: View Matrix:
[   0.9972   0.0000  -0.0745   0.0000 ]
[   0.0000   1.0000   0.0000   0.0000 ]
[  -0.0745   0.0000  -0.9972   0.0000 ]
[  -0.0000  -0.0000  -0.0000   1.0000 ]

[2025-02-26 19:06:40] DEBUG: Rendering object at (0.747191, 0, 10)
[2025-02-26 19:06:40] DEBUG: Rendering object at (1.5, 2, 1)
[2025-02-26 19:06:40] DEBUG: Camera Position: (0, 0, 0)
[2025-02-26 19:06:40] DEBUG: Front Vector: (-0.0826642, 0, -0.996577)
[2025-02-26 19:06:40] DEBUG: View Matrix:
[   0.9966   0.0000  -0.0827   0.0000 ]
[   0.0000   1.0000   0.0000   0.0000 ]
[  -0.0827   0.0000  -0.9966   0.0000 ]
[  -0.0000  -0.0000  -0.0000   1.0000 ]

[2025-02-26 19:06:40] DEBUG: Rendering object at (0.829481, 0, 10)
[2025-02-26 19:06:40] DEBUG: Rendering object at (1.5, 2, 1)
[2025-02-26 19:06:41] DEBUG: Camera Position: (0, 0, 0)
[2025-02-26 19:06:41] DEBUG: Front Vector: (-0.0907777, 0, -0.995871)
[2025-02-26 19:06:41] DEBUG: View Matrix:
[   0.9959   0.0000  -0.0908   0.0000 ]
[   0.0000   1.0000   0.0000   0.0000 ]
[  -0.0908   0.0000  -0.9959   0.0000 ]
[  -0.0000  -0.0000  -0.0000   1.0000 ]

[2025-02-26 19:06:41] DEBUG: Rendering object at (0.91154, 0, 10)
[2025-02-26 19:06:41] DEBUG: Rendering object at (1.5, 2, 1)
[2025-02-26 19:06:41] DEBUG: Camera Position: (0, 0, 0)
[2025-02-26 19:06:41] DEBUG: Front Vector: (-0.106872, 0, -0.994273)
[2025-02-26 19:06:41] DEBUG: View Matrix:
[   0.9943   0.0000  -0.1069   0.0000 ]
[   0.0000   1.0000   0.0000   0.0000 ]
[  -0.1069   0.0000  -0.9943   0.0000 ]
[  -0.0000  -0.0000  -0.0000   1.0000 ]

[2025-02-26 19:06:41] DEBUG: Rendering object at (1.07488, 0, 10)
[2025-02-26 19:06:41] DEBUG: Rendering object at (1.5, 2, 1)
[2025-02-26 19:06:41] DEBUG: Camera Position: (0, 0, 0)
[2025-02-26 19:06:41] DEBUG: Front Vector: (-0.114846, 0, -0.993383)
[2025-02-26 19:06:41] DEBUG: View Matrix:
[   0.9934   0.0000  -0.1148   0.0000 ]
[   0.0000   1.0000   0.0000   0.0000 ]
[  -0.1148   0.0000  -0.9934   0.0000 ]
[  -0.0000  -0.0000  -0.0000   1.0000 ]

[2025-02-26 19:06:41] DEBUG: Rendering object at (1.15611, 0, 10)
[2025-02-26 19:06:41] DEBUG: Rendering object at (1.5, 2, 1)
[2025-02-26 19:06:41] DEBUG: Camera Position: (0, 0, 0)
[2025-02-26 19:06:41] DEBUG: Front Vector: (-0.13063, 0, -0.991431)
[2025-02-26 19:06:41] DEBUG: View Matrix:
[   0.9914   0.0000  -0.1306   0.0000 ]
[   0.0000   1.0000   0.0000   0.0000 ]
[  -0.1306   0.0000  -0.9914   0.0000 ]
[  -0.0000  -0.0000  -0.0000   1.0000 ]

[2025-02-26 19:06:41] DEBUG: Rendering object at (1.31759, 0, 10)
[2025-02-26 19:06:41] DEBUG: Rendering object at (1.5, 2, 1)
[2025-02-26 19:06:41] DEBUG: Camera Position: (0, 0, 0)
[2025-02-26 19:06:41] DEBUG: Front Vector: (-0.146173, 0, -0.989259)
[2025-02-26 19:06:41] DEBUG: View Matrix:
[   0.9893   0.0000  -0.1462   0.0000 ]
[   0.0000   1.0000   0.0000   0.0000 ]
[  -0.1462   0.0000  -0.9893   0.0000 ]
[  -0.0000  -0.0000  -0.0000   1.0000 ]

[2025-02-26 19:06:41] DEBUG: Rendering object at (1.4776, 0, 10)
[2025-02-26 19:06:41] DEBUG: Rendering object at (1.5, 2, 1)
[2025-02-26 19:06:41] DEBUG: Camera Position: (0, 0, 0)
[2025-02-26 19:06:41] DEBUG: Front Vector: (-0.161451, 0, -0.986881)
[2025-02-26 19:06:41] DEBUG: View Matrix:
[   0.9869   0.0000  -0.1615   0.0000 ]
[   0.0000   1.0000   0.0000   0.0000 ]
[  -0.1615   0.0000  -0.9869   0.0000 ]
[  -0.0000  -0.0000  -0.0000   1.0000 ]

[2025-02-26 19:06:41] DEBUG: Rendering object at (1.63597, 0, 10)
[2025-02-26 19:06:41] DEBUG: Rendering object at (1.5, 2, 1)
[2025-02-26 19:06:41] DEBUG: Camera Position: (0, 0, 0)
[2025-02-26 19:06:41] DEBUG: Front Vector: (-0.176441, 0, -0.984311)
[2025-02-26 19:06:41] DEBUG: View Matrix:
[   0.9843   0.0000  -0.1764   0.0000 ]
[   0.0000   1.0000   0.0000   0.0000 ]
[  -0.1764   0.0000  -0.9843   0.0000 ]
[  -0.0000  -0.0000  -0.0000   1.0000 ]

[2025-02-26 19:06:41] DEBUG: Rendering object at (1.79253, 0, 10)
[2025-02-26 19:06:41] DEBUG: Rendering object at (1.5, 2, 1)
[2025-02-26 19:06:41] DEBUG: Camera Position: (0, 0, 0)
[2025-02-26 19:06:41] DEBUG: Front Vector: (-0.19112, 0, -0.981567)
[2025-02-26 19:06:41] DEBUG: View Matrix:
[   0.9816   0.0000  -0.1911   0.0000 ]
[   0.0000   1.0000   0.0000   0.0000 ]
[  -0.1911   0.0000  -0.9816   0.0000 ]
[  -0.0000  -0.0000  -0.0000   1.0000 ]

[2025-02-26 19:06:41] DEBUG: Rendering object at (1.94709, 0, 10)
[2025-02-26 19:06:41] DEBUG: Rendering object at (1.5, 2, 1)
[2025-02-26 19:06:41] DEBUG: Camera Position: (0, 0, 0)
[2025-02-26 19:06:41] DEBUG: Front Vector: (-0.20547, 0, -0.978663)
[2025-02-26 19:06:41] DEBUG: View Matrix:
[   0.9787   0.0000  -0.2055   0.0000 ]
[   0.0000   1.0000   0.0000   0.0000 ]
[  -0.2055   0.0000  -0.9787   0.0000 ]
[  -0.0000  -0.0000  -0.0000   1.0000 ]

[2025-02-26 19:06:41] DEBUG: Rendering object at (2.09949, 0, 10)
[2025-02-26 19:06:41] DEBUG: Rendering object at (1.5, 2, 1)
[2025-02-26 19:06:41] DEBUG: Camera Position: (0, 0, 0)
[2025-02-26 19:06:41] DEBUG: Front Vector: (-0.219471, 0, -0.975619)
[2025-02-26 19:06:41] DEBUG: View Matrix:
[   0.9756   0.0000  -0.2195   0.0000 ]
[   0.0000   1.0000   0.0000   0.0000 ]
[  -0.2195   0.0000  -0.9756   0.0000 ]
[  -0.0000  -0.0000  -0.0000   1.0000 ]

[2025-02-26 19:06:41] DEBUG: Rendering object at (2.24956, 0, 10)
[2025-02-26 19:06:41] DEBUG: Rendering object at (1.5, 2, 1)
[2025-02-26 19:06:41] DEBUG: Camera Position: (0, 0, 0)
[2025-02-26 19:06:41] DEBUG: Front Vector: (-0.233109, 0, -0.972451)
[2025-02-26 19:06:41] DEBUG: View Matrix:
[   0.9725   0.0000  -0.2331   0.0000 ]
[   0.0000   1.0000   0.0000   0.0000 ]
[  -0.2331   0.0000  -0.9725   0.0000 ]
[  -0.0000  -0.0000  -0.0000   1.0000 ]

[2025-02-26 19:06:41] DEBUG: Rendering object at (2.39713, 0, 10)
[2025-02-26 19:06:41] DEBUG: Rendering object at (1.5, 2, 1)
[2025-02-26 19:06:41] DEBUG: Camera Position: (0, 0, 0)
[2025-02-26 19:06:41] DEBUG: Front Vector: (-0.246368, 0, -0.969176)
[2025-02-26 19:06:41] DEBUG: View Matrix:
[   0.9692   0.0000  -0.2464   0.0000 ]
[   0.0000   1.0000   0.0000   0.0000 ]
[  -0.2464   0.0000  -0.9692   0.0000 ]
[  -0.0000  -0.0000  -0.0000   1.0000 ]

[2025-02-26 19:06:41] DEBUG: Rendering object at (2.54203, 0, 10)
[2025-02-26 19:06:41] DEBUG: Rendering object at (1.5, 2, 1)
[2025-02-26 19:06:41] DEBUG: Camera Position: (0, 0, 0)
[2025-02-26 19:06:41] DEBUG: Front Vector: (-0.259236, 0, -0.965814)
[2025-02-26 19:06:41] DEBUG: View Matrix:
[   0.9658   0.0000  -0.2592   0.0000 ]
[   0.0000   1.0000   0.0000   0.0000 ]
[  -0.2592   0.0000  -0.9658   0.0000 ]
[  -0.0000  -0.0000  -0.0000   1.0000 ]

[2025-02-26 19:06:41] DEBUG: Rendering object at (2.68411, 0, 10)
[2025-02-26 19:06:41] DEBUG: Rendering object at (1.5, 2, 1)
[2025-02-26 19:06:41] DEBUG: Camera Position: (0, 0, 0)
[2025-02-26 19:06:41] DEBUG: Front Vector: (-0.271701, 0, -0.962382)
[2025-02-26 19:06:41] DEBUG: View Matrix:
[   0.9624   0.0000  -0.2717   0.0000 ]
[   0.0000   1.0000   0.0000   0.0000 ]
[  -0.2717   0.0000  -0.9624   0.0000 ]
[  -0.0000  -0.0000  -0.0000   1.0000 ]

[2025-02-26 19:06:41] DEBUG: Rendering object at (2.82321, 0, 10)
[2025-02-26 19:06:41] DEBUG: Rendering object at (1.5, 2, 1)
[2025-02-26 19:06:41] DEBUG: Camera Position: (0, 0, 0)
[2025-02-26 19:06:41] DEBUG: Front Vector: (-0.283754, 0, -0.958897)
[2025-02-26 19:06:41] DEBUG: View Matrix:
[   0.9589   0.0000  -0.2838   0.0000 ]
[   0.0000   1.0000   0.0000   0.0000 ]
[  -0.2838   0.0000  -0.9589   0.0000 ]
[  -0.0000  -0.0000  -0.0000   1.0000 ]

[2025-02-26 19:06:41] DEBUG: Rendering object at (2.95917, 0, 10)
[2025-02-26 19:06:41] DEBUG: Rendering object at (1.5, 2, 1)
[2025-02-26 19:06:41] DEBUG: Camera Position: (0, 0, 0)
[2025-02-26 19:06:41] DEBUG: Front Vector: (-0.295388, 0, -0.955377)
[2025-02-26 19:06:41] DEBUG: View Matrix:
[   0.9554   0.0000  -0.2954   0.0000 ]
[   0.0000   1.0000   0.0000   0.0000 ]
[  -0.2954   0.0000  -0.9554   0.0000 ]
[  -0.0000  -0.0000  -0.0000   1.0000 ]

[2025-02-26 19:06:41] DEBUG: Rendering object at (3.09185, 0, 10)
[2025-02-26 19:06:41] DEBUG: Rendering object at (1.5, 2, 1)
[2025-02-26 19:06:41] DEBUG: Camera Position: (0, 0, 0)
[2025-02-26 19:06:41] DEBUG: Front Vector: (-0.306596, 0, -0.95184)
[2025-02-26 19:06:41] DEBUG: View Matrix:
[   0.9518   0.0000  -0.3066   0.0000 ]
[   0.0000   1.0000   0.0000   0.0000 ]
[  -0.3066   0.0000  -0.9518   0.0000 ]
[  -0.0000  -0.0000  -0.0000   1.0000 ]

[2025-02-26 19:06:41] DEBUG: Rendering object at (3.22109, 0, 10)
[2025-02-26 19:06:41] DEBUG: Rendering object at (1.5, 2, 1)
[2025-02-26 19:06:41] DEBUG: Camera Position: (0, 0, 0)
[2025-02-26 19:06:41] DEBUG: Front Vector: (-0.312038, 0, -0.950069)
[2025-02-26 19:06:41] DEBUG: View Matrix:
[   0.9501   0.0000  -0.3120   0.0000 ]
[   0.0000   1.0000   0.0000   0.0000 ]
[  -0.3120   0.0000  -0.9501   0.0000 ]
[  -0.0000  -0.0000  -0.0000   1.0000 ]

[2025-02-26 19:06:41] DEBUG: Rendering object at (3.28437, 0, 10)
[2025-02-26 19:06:41] DEBUG: Rendering object at (1.5, 2, 1)
[2025-02-26 19:06:41] DEBUG: Camera Position: (0, 0, 0)
[2025-02-26 19:06:41] DEBUG: Front Vector: (-0.317373, 0, -0.948301)
[2025-02-26 19:06:41] DEBUG: View Matrix:
[   0.9483   0.0000  -0.3174   0.0000 ]
[   0.0000   1.0000   0.0000   0.0000 ]
[  -0.3174   0.0000  -0.9483   0.0000 ]
[  -0.0000  -0.0000  -0.0000   1.0000 ]

[2025-02-26 19:06:41] DEBUG: Rendering object at (3.34675, 0, 10)
[2025-02-26 19:06:41] DEBUG: Rendering object at (1.5, 2, 1)
[2025-02-26 19:06:41] DEBUG: Camera Position: (0, 0, 0)
[2025-02-26 19:06:41] DEBUG: Front Vector: (-0.322598, 0, -0.946536)
[2025-02-26 19:06:41] DEBUG: View Matrix:
[   0.9465   0.0000  -0.3226   0.0000 ]
[   0.0000   1.0000   0.0000   0.0000 ]
[  -0.3226   0.0000  -0.9465   0.0000 ]
[  -0.0000  -0.0000  -0.0000   1.0000 ]

[2025-02-26 19:06:41] DEBUG: Rendering object at (3.40819, 0, 10)
[2025-02-26 19:06:41] DEBUG: Rendering object at (1.5, 2, 1)
[2025-02-26 19:06:41] DEBUG: Camera Position: (0, 0, 0)
[2025-02-26 19:06:41] DEBUG: Front Vector: (-0.327714, 0, -0.944777)
[2025-02-26 19:06:41] DEBUG: View Matrix:
[   0.9448   0.0000  -0.3277   0.0000 ]
[   0.0000   1.0000   0.0000   0.0000 ]
[  -0.3277   0.0000  -0.9448   0.0000 ]
[  -0.0000  -0.0000  -0.0000   1.0000 ]

[2025-02-26 19:06:41] DEBUG: Rendering object at (3.46869, 0, 10)
[2025-02-26 19:06:41] DEBUG: Rendering object at (1.5, 2, 1)
[2025-02-26 19:06:41] DEBUG: Camera Position: (0, 0, 0)
[2025-02-26 19:06:41] DEBUG: Front Vector: (-0.332721, 0, -0.943025)
[2025-02-26 19:06:41] DEBUG: View Matrix:
[   0.9430   0.0000  -0.3327   0.0000 ]
[   0.0000   1.0000   0.0000   0.0000 ]
[  -0.3327   0.0000  -0.9430   0.0000 ]
[  -0.0000  -0.0000  -0.0000   1.0000 ]

[2025-02-26 19:06:41] DEBUG: Rendering object at (3.52823, 0, 10)
[2025-02-26 19:06:41] DEBUG: Rendering object at (1.5, 2, 1)
[2025-02-26 19:06:41] DEBUG: Camera Position: (0, 0, 0)
[2025-02-26 19:06:41] DEBUG: Front Vector: (-0.337618, 0, -0.941283)
[2025-02-26 19:06:41] DEBUG: View Matrix:
[   0.9413   0.0000  -0.3376   0.0000 ]
[   0.0000   1.0000   0.0000   0.0000 ]
[  -0.3376   0.0000  -0.9413   0.0000 ]
[  -0.0000  -0.0000  -0.0000   1.0000 ]

[2025-02-26 19:06:41] DEBUG: Rendering object at (3.58678, 0, 10)
[2025-02-26 19:06:41] DEBUG: Rendering object at (1.5, 2, 1)
[2025-02-26 19:06:41] DEBUG: Camera Position: (0, 0, 0)
[2025-02-26 19:06:41] DEBUG: Front Vector: (-0.342405, 0, -0.939553)
[2025-02-26 19:06:41] DEBUG: View Matrix:
[   0.9396   0.0000  -0.3424   0.0000 ]
[   0.0000   1.0000   0.0000   0.0000 ]
[  -0.3424   0.0000  -0.9396   0.0000 ]
[  -0.0000  -0.0000  -0.0000   1.0000 ]

[2025-02-26 19:06:41] DEBUG: Rendering object at (3.64434, 0, 10)
[2025-02-26 19:06:41] DEBUG: Rendering object at (1.5, 2, 1)
[2025-02-26 19:06:41] DEBUG: Camera Position: (0, 0, 0)
[2025-02-26 19:06:41] DEBUG: Front Vector: (-0.347082, 0, -0.937835)
[2025-02-26 19:06:41] DEBUG: View Matrix:
[   0.9378   0.0000  -0.3471   0.0000 ]
[   0.0000   1.0000   0.0000   0.0000 ]
[  -0.3471   0.0000  -0.9378   0.0000 ]
[  -0.0000  -0.0000  -0.0000   1.0000 ]

[2025-02-26 19:06:41] DEBUG: Rendering object at (3.70088, 0, 10)
[2025-02-26 19:06:41] DEBUG: Rendering object at (1.5, 2, 1)
[2025-02-26 19:06:41] DEBUG: Camera Position: (0, 0, 0)
[2025-02-26 19:06:41] DEBUG: Front Vector: (-0.351649, 0, -0.936132)
[2025-02-26 19:06:41] DEBUG: View Matrix:
[   0.9361   0.0000  -0.3516   0.0000 ]
[   0.0000   1.0000   0.0000   0.0000 ]
[  -0.3516   0.0000  -0.9361   0.0000 ]
[  -0.0000  -0.0000  -0.0000   1.0000 ]

[2025-02-26 19:06:41] DEBUG: Rendering object at (3.7564, 0, 10)
[2025-02-26 19:06:41] DEBUG: Rendering object at (1.5, 2, 1)
[2025-02-26 19:06:41] DEBUG: Camera Position: (0, 0, 0)
[2025-02-26 19:06:41] DEBUG: Front Vector: (-0.356106, 0, -0.934446)
[2025-02-26 19:06:41] DEBUG: View Matrix:
[   0.9344   0.0000  -0.3561   0.0000 ]
[   0.0000   1.0000   0.0000   0.0000 ]
[  -0.3561   0.0000  -0.9344   0.0000 ]
[  -0.0000  -0.0000  -0.0000   1.0000 ]

[2025-02-26 19:06:41] DEBUG: Rendering object at (3.81088, 0, 10)
[2025-02-26 19:06:41] DEBUG: Rendering object at (1.5, 2, 1)
[2025-02-26 19:06:41] DEBUG: Camera Position: (0, 0, 0)
[2025-02-26 19:06:41] DEBUG: Front Vector: (-0.360452, 0, -0.932778)
[2025-02-26 19:06:41] DEBUG: View Matrix:
[   0.9328   0.0000  -0.3605   0.0000 ]
[   0.0000   1.0000   0.0000   0.0000 ]
[  -0.3605   0.0000  -0.9328   0.0000 ]
[  -0.0000  -0.0000  -0.0000   1.0000 ]

[2025-02-26 19:06:41] DEBUG: Rendering object at (3.86429, 0, 10)
[2025-02-26 19:06:41] DEBUG: Rendering object at (1.5, 2, 1)
[2025-02-26 19:06:41] DEBUG: Camera Position: (0, 0, 0)
[2025-02-26 19:06:41] DEBUG: Front Vector: (-0.364689, 0, -0.931129)
[2025-02-26 19:06:41] DEBUG: View Matrix:
[   0.9311   0.0000  -0.3647   0.0000 ]
[   0.0000   1.0000   0.0000   0.0000 ]
[  -0.3647   0.0000  -0.9311   0.0000 ]
[  -0.0000  -0.0000  -0.0000   1.0000 ]

[2025-02-26 19:06:41] DEBUG: Rendering object at (3.91663, 0, 10)
[2025-02-26 19:06:41] DEBUG: Rendering object at (1.5, 2, 1)
[2025-02-26 19:06:41] DEBUG: Camera Position: (0, 0, 0)
[2025-02-26 19:06:41] DEBUG: Front Vector: (-0.368816, 0, -0.929502)
[2025-02-26 19:06:41] DEBUG: View Matrix:
[   0.9295   0.0000  -0.3688   0.0000 ]
[   0.0000   1.0000   0.0000   0.0000 ]
[  -0.3688   0.0000  -0.9295   0.0000 ]
[  -0.0000  -0.0000  -0.0000   1.0000 ]

[2025-02-26 19:06:41] DEBUG: Rendering object at (3.96789, 0, 10)
[2025-02-26 19:06:41] DEBUG: Rendering object at (1.5, 2, 1)
[2025-02-26 19:06:41] DEBUG: Camera Position: (0, 0, 0)
[2025-02-26 19:06:41] DEBUG: Front Vector: (-0.372833, 0, -0.927898)
[2025-02-26 19:06:41] DEBUG: View Matrix:
[   0.9279   0.0000  -0.3728   0.0000 ]
[   0.0000   1.0000   0.0000   0.0000 ]
[  -0.3728   0.0000  -0.9279   0.0000 ]
[  -0.0000  -0.0000  -0.0000   1.0000 ]

[2025-02-26 19:06:41] DEBUG: Rendering object at (4.01804, 0, 10)
[2025-02-26 19:06:41] DEBUG: Rendering object at (1.5, 2, 1)
[2025-02-26 19:06:41] DEBUG: Camera Position: (0, 0, 0)
[2025-02-26 19:06:41] DEBUG: Front Vector: (-0.376741, 0, -0.926319)
[2025-02-26 19:06:41] DEBUG: View Matrix:
[   0.9263   0.0000  -0.3767   0.0000 ]
[   0.0000   1.0000   0.0000   0.0000 ]
[  -0.3767   0.0000  -0.9263   0.0000 ]
[  -0.0000  -0.0000  -0.0000   1.0000 ]

[2025-02-26 19:06:41] DEBUG: Rendering object at (4.06708, 0, 10)
[2025-02-26 19:06:41] DEBUG: Rendering object at (1.5, 2, 1)
[2025-02-26 19:06:41] DEBUG: Camera Position: (0, 0, 0)
[2025-02-26 19:06:41] DEBUG: Front Vector: (-0.380539, 0, -0.924765)
[2025-02-26 19:06:41] DEBUG: View Matrix:
[   0.9248   0.0000  -0.3805   0.0000 ]
[   0.0000   1.0000   0.0000   0.0000 ]
[  -0.3805   0.0000  -0.9248   0.0000 ]
[  -0.0000  -0.0000  -0.0000   1.0000 ]

[2025-02-26 19:06:41] DEBUG: Rendering object at (4.11498, 0, 10)
[2025-02-26 19:06:41] DEBUG: Rendering object at (1.5, 2, 1)
[2025-02-26 19:06:41] DEBUG: Camera Position: (0, 0, 0)
[2025-02-26 19:06:41] DEBUG: Front Vector: (-0.384228, 0, -0.923238)
[2025-02-26 19:06:41] DEBUG: View Matrix:
[   0.9232   0.0000  -0.3842   0.0000 ]
[   0.0000   1.0000   0.0000   0.0000 ]
[  -0.3842   0.0000  -0.9232   0.0000 ]
[  -0.0000  -0.0000  -0.0000   1.0000 ]

[2025-02-26 19:06:41] DEBUG: Rendering object at (4.16175, 0, 10)
[2025-02-26 19:06:41] DEBUG: Rendering object at (1.5, 2, 1)
[2025-02-26 19:06:41] DEBUG: Camera Position: (0, 0, 0)
[2025-02-26 19:06:41] DEBUG: Front Vector: (-0.387809, 0, -0.92174)
[2025-02-26 19:06:41] DEBUG: View Matrix:
[   0.9217   0.0000  -0.3878   0.0000 ]
[   0.0000   1.0000   0.0000   0.0000 ]
[  -0.3878   0.0000  -0.9217   0.0000 ]
[  -0.0000  -0.0000  -0.0000   1.0000 ]

[2025-02-26 19:06:41] DEBUG: Rendering object at (4.20735, 0, 10)
[2025-02-26 19:06:41] DEBUG: Rendering object at (1.5, 2, 1)
[2025-02-26 19:06:41] DEBUG: Camera Position: (0, 0, 0)
[2025-02-26 19:06:41] DEBUG: Front Vector: (-0.39128, 0, -0.920272)
[2025-02-26 19:06:41] DEBUG: View Matrix:
[   0.9203   0.0000  -0.3913   0.0000 ]
[   0.0000   1.0000   0.0000   0.0000 ]
[  -0.3913   0.0000  -0.9203   0.0000 ]
[  -0.0000  -0.0000  -0.0000   1.0000 ]

[2025-02-26 19:06:41] DEBUG: Rendering object at (4.25179, 0, 10)
[2025-02-26 19:06:41] DEBUG: Rendering object at (1.5, 2, 1)
[2025-02-26 19:06:41] DEBUG: Camera Position: (0, 0, 0)
[2025-02-26 19:06:41] DEBUG: Front Vector: (-0.394644, 0, -0.918834)
[2025-02-26 19:06:41] DEBUG: View Matrix:
[   0.9188   0.0000  -0.3946   0.0000 ]
[   0.0000   1.0000   0.0000   0.0000 ]
[  -0.3946   0.0000  -0.9188   0.0000 ]
[  -0.0000  -0.0000  -0.0000   1.0000 ]

[2025-02-26 19:06:41] DEBUG: Rendering object at (4.29505, 0, 10)
[2025-02-26 19:06:41] DEBUG: Rendering object at (1.5, 2, 1)
[2025-02-26 19:06:41] DEBUG: Camera Position: (0, 0, 0)
[2025-02-26 19:06:41] DEBUG: Front Vector: (-0.3979, 0, -0.917429)
[2025-02-26 19:06:41] DEBUG: View Matrix:
[   0.9174   0.0000  -0.3979   0.0000 ]
[   0.0000   1.0000   0.0000   0.0000 ]
[  -0.3979   0.0000  -0.9174   0.0000 ]
[  -0.0000  -0.0000  -0.0000   1.0000 ]

[2025-02-26 19:06:41] DEBUG: Rendering object at (4.33712, 0, 10)
[2025-02-26 19:06:41] DEBUG: Rendering object at (1.5, 2, 1)
[2025-02-26 19:06:41] DEBUG: Camera Position: (0, 0, 0)
[2025-02-26 19:06:41] DEBUG: Front Vector: (-0.401048, 0, -0.916057)
[2025-02-26 19:06:41] DEBUG: View Matrix:
[   0.9161   0.0000  -0.4010   0.0000 ]
[   0.0000   1.0000   0.0000   0.0000 ]
[  -0.4010   0.0000  -0.9161   0.0000 ]
[  -0.0000  -0.0000  -0.0000   1.0000 ]

[2025-02-26 19:06:41] DEBUG: Rendering object at (4.37798, 0, 10)
[2025-02-26 19:06:41] DEBUG: Rendering object at (1.5, 2, 1)
[2025-02-26 19:06:41] DEBUG: Camera Position: (0, 0, 0)
[2025-02-26 19:06:41] DEBUG: Front Vector: (-0.404088, 0, -0.91472)
[2025-02-26 19:06:41] DEBUG: View Matrix:
[   0.9147   0.0000  -0.4041   0.0000 ]
[   0.0000   1.0000   0.0000   0.0000 ]
[  -0.4041   0.0000  -0.9147   0.0000 ]
[  -0.0000  -0.0000  -0.0000   1.0000 ]

[2025-02-26 19:06:41] DEBUG: Rendering object at (4.41762, 0, 10)
[2025-02-26 19:06:41] DEBUG: Rendering object at (1.5, 2, 1)
[2025-02-26 19:06:41] DEBUG: Camera Position: (0, 0, 0)
[2025-02-26 19:06:41] DEBUG: Front Vector: (-0.407022, 0, -0.913418)
[2025-02-26 19:06:41] DEBUG: View Matrix:
[   0.9134   0.0000  -0.4070   0.0000 ]
[   0.0000   1.0000   0.0000   0.0000 ]
[  -0.4070   0.0000  -0.9134   0.0000 ]
[  -0.0000  -0.0000  -0.0000   1.0000 ]

[2025-02-26 19:06:41] DEBUG: Rendering object at (4.45604, 0, 10)
[2025-02-26 19:06:41] DEBUG: Rendering object at (1.5, 2, 1)
[2025-02-26 19:06:41] DEBUG: Camera Position: (0, 0, 0)
[2025-02-26 19:06:41] DEBUG: Front Vector: (-0.40985, 0, -0.912153)
[2025-02-26 19:06:41] DEBUG: View Matrix:
[   0.9122   0.0000  -0.4098   0.0000 ]
[   0.0000   1.0000   0.0000   0.0000 ]
[  -0.4098   0.0000  -0.9122   0.0000 ]
