[2025-02-17 19:06:55] INFO: Window successfully created!
[2025-02-17 19:06:55] INFO: Camera Position: (0, 0, -3)
[2025-02-17 19:06:55] INFO: Front Vector: (0, 0, 1)
[2025-02-17 19:06:55] INFO: View Matrix:
[   1.0000   0.0000  -0.0000   0.0000 ]
[   0.0000   1.0000  -0.0000   0.0000 ]
[   0.0000   0.0000  -1.0000   0.0000 ]
[  -0.0000  -0.0000  -3.0000   1.0000 ]

[2025-02-17 19:06:55] INFO: Projection Matrix:
[   1.3580   0.0000   0.0000   0.0000 ]
[   0.0000   2.4142   0.0000   0.0000 ]
[   0.0000   0.0000  -1.0020  -1.0000 ]
[   0.0000   0.0000  -0.2002   0.0000 ]

[2025-02-17 19:06:55] INFO: Rendering object at (0, 0, 0)
[2025-02-17 19:06:55] INFO: Rendering object at (1.5, 2, 1)
[2025-02-17 19:06:55] INFO: Camera Position: (0, 0, -3)
[2025-02-17 19:06:55] INFO: Front Vector: (0.000277765, 0, 1)
[2025-02-17 19:06:55] INFO: View Matrix:
[   1.0000  -0.0000  -0.0003   0.0000 ]
[   0.0000   1.0000  -0.0000   0.0000 ]
[  -0.0003   0.0000  -1.0000   0.0000 ]
[  -0.0008  -0.0000  -3.0000   1.0000 ]

[2025-02-17 19:06:55] INFO: Projection Matrix:
[   1.3580   0.0000   0.0000   0.0000 ]
[   0.0000   2.4142   0.0000   0.0000 ]
[   0.0000   0.0000  -1.0020  -1.0000 ]
[   0.0000   0.0000  -0.2002   0.0000 ]

[2025-02-17 19:06:55] INFO: Rendering object at (0.000833295, 0, 0)
[2025-02-17 19:06:55] INFO: Rendering object at (1.5, 2, 1)
[2025-02-17 19:06:55] INFO: Camera Position: (0, 0, -3)
[2025-02-17 19:06:55] INFO: Front Vector: (0.000833217, 0, 1)
[2025-02-17 19:06:55] INFO: View Matrix:
[   1.0000  -0.0000  -0.0008   0.0000 ]
[   0.0000   1.0000  -0.0000   0.0000 ]
[  -0.0008   0.0000  -1.0000   0.0000 ]
[  -0.0025  -0.0000  -3.0000   1.0000 ]

[2025-02-17 19:06:55] INFO: Projection Matrix:
[   1.3580   0.0000   0.0000   0.0000 ]
[   0.0000   2.4142   0.0000   0.0000 ]
[   0.0000   0.0000  -1.0020  -1.0000 ]
[   0.0000   0.0000  -0.2002   0.0000 ]

[2025-02-17 19:06:55] INFO: Rendering object at (0.00249965, 0, 0)
[2025-02-17 19:06:55] INFO: Rendering object at (1.5, 2, 1)
[2025-02-17 19:06:55] INFO: Camera Position: (0, 0, -3)
[2025-02-17 19:06:55] INFO: Front Vector: (0.0016662, 0, 0.999999)
[2025-02-17 19:06:55] INFO: View Matrix:
[   1.0000  -0.0000  -0.0017   0.0000 ]
[   0.0000   1.0000  -0.0000   0.0000 ]
[  -0.0017   0.0000  -1.0000   0.0000 ]
[  -0.0050  -0.0000  -3.0000   1.0000 ]

[2025-02-17 19:06:55] INFO: Projection Matrix:
[   1.3580   0.0000   0.0000   0.0000 ]
[   0.0000   2.4142   0.0000   0.0000 ]
[   0.0000   0.0000  -1.0020  -1.0000 ]
[   0.0000   0.0000  -0.2002   0.0000 ]

[2025-02-17 19:06:55] INFO: Rendering object at (0.00499861, 0, 0)
[2025-02-17 19:06:55] INFO: Rendering object at (1.5, 2, 1)
[2025-02-17 19:06:55] INFO: Camera Position: (0, 0, -3)
[2025-02-17 19:06:55] INFO: Front Vector: (0.00277648, 0, 0.999996)
[2025-02-17 19:06:55] INFO: View Matrix:
[   1.0000  -0.0000  -0.0028   0.0000 ]
[   0.0000   1.0000  -0.0000   0.0000 ]
[  -0.0028   0.0000  -1.0000   0.0000 ]
[  -0.0083  -0.0000  -3.0000   1.0000 ]

[2025-02-17 19:06:55] INFO: Projection Matrix:
[   1.3580   0.0000   0.0000   0.0000 ]
[   0.0000   2.4142   0.0000   0.0000 ]
[   0.0000   0.0000  -1.0020  -1.0000 ]
[   0.0000   0.0000  -0.2002   0.0000 ]

[2025-02-17 19:06:55] INFO: Rendering object at (0.00832948, 0, 0)
[2025-02-17 19:06:55] INFO: Rendering object at (1.5, 2, 1)
[2025-02-17 19:06:55] INFO: Camera Position: (0, 0, -3)
[2025-02-17 19:06:55] INFO: Front Vector: (0.00416374, 0, 0.999991)
[2025-02-17 19:06:55] INFO: View Matrix:
[   1.0000  -0.0000  -0.0042   0.0000 ]
[   0.0000   1.0000  -0.0000   0.0000 ]
[  -0.0042   0.0000  -1.0000   0.0000 ]
[  -0.0125  -0.0000  -3.0000   1.0000 ]

[2025-02-17 19:06:55] INFO: Projection Matrix:
[   1.3580   0.0000   0.0000   0.0000 ]
[   0.0000   2.4142   0.0000   0.0000 ]
[   0.0000   0.0000  -1.0020  -1.0000 ]
[   0.0000   0.0000  -0.2002   0.0000 ]

[2025-02-17 19:06:55] INFO: Rendering object at (0.0124913, 0, 0)
[2025-02-17 19:06:55] INFO: Rendering object at (1.5, 2, 1)
[2025-02-17 19:06:55] INFO: Camera Position: (0, 0, -3)
[2025-02-17 19:06:55] INFO: Front Vector: (0.00582757, 0, 0.999983)
[2025-02-17 19:06:55] INFO: View Matrix:
[   1.0000  -0.0000  -0.0058   0.0000 ]
[   0.0000   1.0000  -0.0000   0.0000 ]
[  -0.0058   0.0000  -1.0000   0.0000 ]
[  -0.0175  -0.0000  -2.9999   1.0000 ]

[2025-02-17 19:06:55] INFO: Projection Matrix:
[   1.3580   0.0000   0.0000   0.0000 ]
[   0.0000   2.4142   0.0000   0.0000 ]
[   0.0000   0.0000  -1.0020  -1.0000 ]
[   0.0000   0.0000  -0.2002   0.0000 ]

[2025-02-17 19:06:55] INFO: Rendering object at (0.017483, 0, 0)
[2025-02-17 19:06:55] INFO: Rendering object at (1.5, 2, 1)
[2025-02-17 19:06:55] INFO: Camera Position: (0, 0, -3)
[2025-02-17 19:06:55] INFO: Front Vector: (0.00776747, 0, 0.99997)
[2025-02-17 19:06:55] INFO: View Matrix:
[   1.0000  -0.0000  -0.0078   0.0000 ]
[   0.0000   1.0000  -0.0000   0.0000 ]
[  -0.0078   0.0000  -1.0000   0.0000 ]
[  -0.0233  -0.0000  -2.9999   1.0000 ]

[2025-02-17 19:06:55] INFO: Projection Matrix:
[   1.3580   0.0000   0.0000   0.0000 ]
[   0.0000   2.4142   0.0000   0.0000 ]
[   0.0000   0.0000  -1.0020  -1.0000 ]
[   0.0000   0.0000  -0.2002   0.0000 ]

[2025-02-17 19:06:55] INFO: Rendering object at (0.0233031, 0, 0)
[2025-02-17 19:06:55] INFO: Rendering object at (1.5, 2, 1)
[2025-02-17 19:06:55] INFO: Camera Position: (0, 0, -3)
[2025-02-17 19:06:55] INFO: Front Vector: (0.00998285, 0, 0.99995)
[2025-02-17 19:06:55] INFO: View Matrix:
[   1.0000  -0.0000  -0.0100   0.0000 ]
[   0.0000   1.0000  -0.0000   0.0000 ]
[  -0.0100   0.0000  -1.0000   0.0000 ]
[  -0.0299  -0.0000  -2.9999   1.0000 ]

[2025-02-17 19:06:55] INFO: Projection Matrix:
[   1.3580   0.0000   0.0000   0.0000 ]
[   0.0000   2.4142   0.0000   0.0000 ]
[   0.0000   0.0000  -1.0020  -1.0000 ]
[   0.0000   0.0000  -0.2002   0.0000 ]

[2025-02-17 19:06:55] INFO: Rendering object at (0.02995, 0, 0)
[2025-02-17 19:06:55] INFO: Rendering object at (1.5, 2, 1)
[2025-02-17 19:06:55] INFO: Camera Position: (0, 0, -3)
[2025-02-17 19:06:55] INFO: Front Vector: (0.012473, 0, 0.999922)
[2025-02-17 19:06:55] INFO: View Matrix:
[   0.9999  -0.0000  -0.0125   0.0000 ]
[   0.0000   1.0000  -0.0000   0.0000 ]
[  -0.0125   0.0000  -0.9999   0.0000 ]
[  -0.0374  -0.0000  -2.9998   1.0000 ]

[2025-02-17 19:06:55] INFO: Projection Matrix:
[   1.3580   0.0000   0.0000   0.0000 ]
[   0.0000   2.4142   0.0000   0.0000 ]
[   0.0000   0.0000  -1.0020  -1.0000 ]
[   0.0000   0.0000  -0.2002   0.0000 ]

[2025-02-17 19:06:55] INFO: Rendering object at (0.0374219, 0, 0)
[2025-02-17 19:06:55] INFO: Rendering object at (1.5, 2, 1)
[2025-02-17 19:06:55] INFO: Camera Position: (0, 0, -3)
[2025-02-17 19:06:55] INFO: Front Vector: (0.0152371, 0, 0.999884)
[2025-02-17 19:06:55] INFO: View Matrix:
[   0.9999  -0.0000  -0.0152   0.0000 ]
[   0.0000   1.0000  -0.0000   0.0000 ]
[  -0.0152   0.0000  -0.9999   0.0000 ]
[  -0.0457  -0.0000  -2.9997   1.0000 ]

[2025-02-17 19:06:55] INFO: Projection Matrix:
[   1.3580   0.0000   0.0000   0.0000 ]
[   0.0000   2.4142   0.0000   0.0000 ]
[   0.0000   0.0000  -1.0020  -1.0000 ]
[   0.0000   0.0000  -0.2002   0.0000 ]

[2025-02-17 19:06:55] INFO: Rendering object at (0.0457167, 0, 0)
[2025-02-17 19:06:55] INFO: Rendering object at (1.5, 2, 1)
[2025-02-17 19:06:55] INFO: Camera Position: (0, 0, -3)
[2025-02-17 19:06:55] INFO: Front Vector: (0.0182743, 0, 0.999833)
[2025-02-17 19:06:55] INFO: View Matrix:
[   0.9998  -0.0000  -0.0183   0.0000 ]
[   0.0000   1.0000  -0.0000   0.0000 ]
[  -0.0183   0.0000  -0.9998   0.0000 ]
[  -0.0548  -0.0000  -2.9995   1.0000 ]

[2025-02-17 19:06:55] INFO: Projection Matrix:
[   1.3580   0.0000   0.0000   0.0000 ]
[   0.0000   2.4142   0.0000   0.0000 ]
[   0.0000   0.0000  -1.0020  -1.0000 ]
[   0.0000   0.0000  -0.2002   0.0000 ]

[2025-02-17 19:06:55] INFO: Rendering object at (0.0548322, 0, 0)
[2025-02-17 19:06:55] INFO: Rendering object at (1.5, 2, 1)
[2025-02-17 19:06:55] INFO: Camera Position: (0, 0, -3)
[2025-02-17 19:06:55] INFO: Front Vector: (0.0215835, 0, 0.999767)
[2025-02-17 19:06:55] INFO: View Matrix:
[   0.9998  -0.0000  -0.0216   0.0000 ]
[   0.0000   1.0000  -0.0000   0.0000 ]
[  -0.0216   0.0000  -0.9998   0.0000 ]
[  -0.0648  -0.0000  -2.9993   1.0000 ]

[2025-02-17 19:06:55] INFO: Projection Matrix:
[   1.3580   0.0000   0.0000   0.0000 ]
[   0.0000   2.4142   0.0000   0.0000 ]
[   0.0000   0.0000  -1.0020  -1.0000 ]
[   0.0000   0.0000  -0.2002   0.0000 ]

[2025-02-17 19:06:55] INFO: Rendering object at (0.0647656, 0, 0)
[2025-02-17 19:06:55] INFO: Rendering object at (1.5, 2, 1)
[2025-02-17 19:06:55] INFO: Camera Position: (0, 0, -3)
[2025-02-17 19:06:55] INFO: Front Vector: (0.0251635, 0, 0.999683)
[2025-02-17 19:06:55] INFO: View Matrix:
[   0.9997  -0.0000  -0.0252   0.0000 ]
[   0.0000   1.0000  -0.0000   0.0000 ]
[  -0.0252   0.0000  -0.9997   0.0000 ]
[  -0.0755  -0.0000  -2.9991   1.0000 ]

[2025-02-17 19:06:55] INFO: Projection Matrix:
[   1.3580   0.0000   0.0000   0.0000 ]
[   0.0000   2.4142   0.0000   0.0000 ]
[   0.0000   0.0000  -1.0020  -1.0000 ]
[   0.0000   0.0000  -0.2002   0.0000 ]

[2025-02-17 19:06:55] INFO: Rendering object at (0.0755144, 0, 0)
[2025-02-17 19:06:55] INFO: Rendering object at (1.5, 2, 1)
[2025-02-17 19:06:55] INFO: Camera Position: (0, 0, -3)
[2025-02-17 19:06:55] INFO: Front Vector: (0.0290129, 0, 0.999579)
[2025-02-17 19:06:55] INFO: View Matrix:
[   0.9996  -0.0000  -0.0290   0.0000 ]
[   0.0000   1.0000  -0.0000   0.0000 ]
[  -0.0290   0.0000  -0.9996   0.0000 ]
[  -0.0870  -0.0000  -2.9987   1.0000 ]

[2025-02-17 19:06:55] INFO: Projection Matrix:
[   1.3580   0.0000   0.0000   0.0000 ]
[   0.0000   2.4142   0.0000   0.0000 ]
[   0.0000   0.0000  -1.0020  -1.0000 ]
[   0.0000   0.0000  -0.2002   0.0000 ]

[2025-02-17 19:06:55] INFO: Rendering object at (0.0870755, 0, 0)
[2025-02-17 19:06:55] INFO: Rendering object at (1.5, 2, 1)
[2025-02-17 19:06:55] INFO: Camera Position: (0, 0, -3)
[2025-02-17 19:06:55] INFO: Front Vector: (0.0375141, 0, 0.999296)
[2025-02-17 19:06:55] INFO: View Matrix:
[   0.9993  -0.0000  -0.0375   0.0000 ]
[   0.0000   1.0000  -0.0000   0.0000 ]
[  -0.0375   0.0000  -0.9993   0.0000 ]
[  -0.1125  -0.0000  -2.9979   1.0000 ]

[2025-02-17 19:06:55] INFO: Projection Matrix:
[   1.3580   0.0000   0.0000   0.0000 ]
[   0.0000   2.4142   0.0000   0.0000 ]
[   0.0000   0.0000  -1.0020  -1.0000 ]
[   0.0000   0.0000  -0.2002   0.0000 ]

[2025-02-17 19:06:55] INFO: Rendering object at (0.112622, 0, 0)
[2025-02-17 19:06:55] INFO: Rendering object at (1.5, 2, 1)
[2025-02-17 19:06:55] INFO: Camera Position: (0, 0, -3)
[2025-02-17 19:06:55] INFO: Front Vector: (0.0470729, 0, 0.998891)
[2025-02-17 19:06:55] INFO: View Matrix:
[   0.9989  -0.0000  -0.0471   0.0000 ]
[   0.0000   1.0000  -0.0000   0.0000 ]
[  -0.0471   0.0000  -0.9989   0.0000 ]
[  -0.1412  -0.0000  -2.9967   1.0000 ]

[2025-02-17 19:06:55] INFO: Projection Matrix:
[   1.3580   0.0000   0.0000   0.0000 ]
[   0.0000   2.4142   0.0000   0.0000 ]
[   0.0000   0.0000  -1.0020  -1.0000 ]
[   0.0000   0.0000  -0.2002   0.0000 ]

[2025-02-17 19:06:55] INFO: Rendering object at (0.141375, 0, 0)
[2025-02-17 19:06:55] INFO: Rendering object at (1.5, 2, 1)
[2025-02-17 19:06:55] INFO: Camera Position: (0, 0, -3)
[2025-02-17 19:06:55] INFO: Front Vector: (0.0576722, 0, 0.998336)
[2025-02-17 19:06:55] INFO: View Matrix:
[   0.9983  -0.0000  -0.0577   0.0000 ]
[   0.0000   1.0000  -0.0000   0.0000 ]
[  -0.0577   0.0000  -0.9983   0.0000 ]
[  -0.1730  -0.0000  -2.9950   1.0000 ]

[2025-02-17 19:06:55] INFO: Projection Matrix:
[   1.3580   0.0000   0.0000   0.0000 ]
[   0.0000   2.4142   0.0000   0.0000 ]
[   0.0000   0.0000  -1.0020  -1.0000 ]
[   0.0000   0.0000  -0.2002   0.0000 ]

[2025-02-17 19:06:55] INFO: Rendering object at (0.173305, 0, 0)
[2025-02-17 19:06:55] INFO: Rendering object at (1.5, 2, 1)
[2025-02-17 19:06:55] INFO: Camera Position: (0, 0, -3)
[2025-02-17 19:06:55] INFO: Front Vector: (0.0692915, 0, 0.997596)
[2025-02-17 19:06:55] INFO: View Matrix:
[   0.9976  -0.0000  -0.0693   0.0000 ]
[   0.0000   1.0000  -0.0000   0.0000 ]
[  -0.0693   0.0000  -0.9976   0.0000 ]
[  -0.2079  -0.0000  -2.9928   1.0000 ]

[2025-02-17 19:06:55] INFO: Projection Matrix:
[   1.3580   0.0000   0.0000   0.0000 ]
[   0.0000   2.4142   0.0000   0.0000 ]
[   0.0000   0.0000  -1.0020  -1.0000 ]
[   0.0000   0.0000  -0.2002   0.0000 ]

[2025-02-17 19:06:55] INFO: Rendering object at (0.208375, 0, 0)
[2025-02-17 19:06:55] INFO: Rendering object at (1.5, 2, 1)
[2025-02-17 19:06:55] INFO: Camera Position: (0, 0, -3)
[2025-02-17 19:06:55] INFO: Front Vector: (0.0819062, 0, 0.99664)
[2025-02-17 19:06:55] INFO: View Matrix:
[   0.9966  -0.0000  -0.0819   0.0000 ]
[   0.0000   1.0000  -0.0000   0.0000 ]
[  -0.0819   0.0000  -0.9966   0.0000 ]
[  -0.2457  -0.0000  -2.9899   1.0000 ]

[2025-02-17 19:06:55] INFO: Projection Matrix:
[   1.3580   0.0000   0.0000   0.0000 ]
[   0.0000   2.4142   0.0000   0.0000 ]
[   0.0000   0.0000  -1.0020  -1.0000 ]
[   0.0000   0.0000  -0.2002   0.0000 ]

[2025-02-17 19:06:55] INFO: Rendering object at (0.246547, 0, 0)
[2025-02-17 19:06:55] INFO: Rendering object at (1.5, 2, 1)
[2025-02-17 19:06:55] INFO: Camera Position: (0, 0, -3)
[2025-02-17 19:06:55] INFO: Front Vector: (0.0954876, 0, 0.995431)
[2025-02-17 19:06:55] INFO: View Matrix:
[   0.9954  -0.0000  -0.0955   0.0000 ]
[   0.0000   1.0000  -0.0000   0.0000 ]
[  -0.0955   0.0000  -0.9954   0.0000 ]
[  -0.2865  -0.0000  -2.9863   1.0000 ]

[2025-02-17 19:06:55] INFO: Projection Matrix:
[   1.3580   0.0000   0.0000   0.0000 ]
[   0.0000   2.4142   0.0000   0.0000 ]
[   0.0000   0.0000  -1.0020  -1.0000 ]
[   0.0000   0.0000  -0.2002   0.0000 ]

[2025-02-17 19:06:55] INFO: Rendering object at (0.287778, 0, 0)
[2025-02-17 19:06:55] INFO: Rendering object at (1.5, 2, 1)
[2025-02-17 19:06:56] INFO: Camera Position: (0, 0, -3)
[2025-02-17 19:06:56] INFO: Front Vector: (0.110002, 0, 0.993931)
[2025-02-17 19:06:56] INFO: View Matrix:
[   0.9939  -0.0000  -0.1100   0.0000 ]
[   0.0000   1.0000  -0.0000   0.0000 ]
[  -0.1100   0.0000  -0.9939   0.0000 ]
[  -0.3300  -0.0000  -2.9818   1.0000 ]

[2025-02-17 19:06:56] INFO: Projection Matrix:
[   1.3580   0.0000   0.0000   0.0000 ]
[   0.0000   2.4142   0.0000   0.0000 ]
[   0.0000   0.0000  -1.0020  -1.0000 ]
[   0.0000   0.0000  -0.2002   0.0000 ]

[2025-02-17 19:06:56] INFO: Rendering object at (0.332022, 0, 0)
[2025-02-17 19:06:56] INFO: Rendering object at (1.5, 2, 1)
[2025-02-17 19:06:56] INFO: Camera Position: (0, 0, -3)
[2025-02-17 19:06:56] INFO: Front Vector: (0.125412, 0, 0.992105)
[2025-02-17 19:06:56] INFO: View Matrix:
[   0.9921  -0.0000  -0.1254   0.0000 ]
[   0.0000   1.0000  -0.0000   0.0000 ]
[  -0.1254   0.0000  -0.9921   0.0000 ]
[  -0.3762  -0.0000  -2.9763   1.0000 ]

[2025-02-17 19:06:56] INFO: Projection Matrix:
[   1.3580   0.0000   0.0000   0.0000 ]
[   0.0000   2.4142   0.0000   0.0000 ]
[   0.0000   0.0000  -1.0020  -1.0000 ]
[   0.0000   0.0000  -0.2002   0.0000 ]

[2025-02-17 19:06:56] INFO: Rendering object at (0.37923, 0, 0)
[2025-02-17 19:06:56] INFO: Rendering object at (1.5, 2, 1)
[2025-02-17 19:06:56] INFO: Camera Position: (0, 0, -3)
[2025-02-17 19:06:56] INFO: Front Vector: (0.141673, 0, 0.989914)
[2025-02-17 19:06:56] INFO: View Matrix:
[   0.9899  -0.0000  -0.1417   0.0000 ]
[   0.0000   1.0000  -0.0000   0.0000 ]
[  -0.1417   0.0000  -0.9899   0.0000 ]
[  -0.4250  -0.0000  -2.9697   1.0000 ]

[2025-02-17 19:06:56] INFO: Projection Matrix:
[   1.3580   0.0000   0.0000   0.0000 ]
[   0.0000   2.4142   0.0000   0.0000 ]
[   0.0000   0.0000  -1.0020  -1.0000 ]
[   0.0000   0.0000  -0.2002   0.0000 ]

[2025-02-17 19:06:56] INFO: Rendering object at (0.429349, 0, 0)
[2025-02-17 19:06:56] INFO: Rendering object at (1.5, 2, 1)
[2025-02-17 19:06:56] INFO: Camera Position: (0, 0, -3)
[2025-02-17 19:06:56] INFO: Front Vector: (0.158736, 0, 0.987321)
[2025-02-17 19:06:56] INFO: View Matrix:
[   0.9873  -0.0000  -0.1587   0.0000 ]
[   0.0000   1.0000  -0.0000   0.0000 ]
[  -0.1587   0.0000  -0.9873   0.0000 ]
[  -0.4762  -0.0000  -2.9620   1.0000 ]

[2025-02-17 19:06:56] INFO: Projection Matrix:
[   1.3580   0.0000   0.0000   0.0000 ]
[   0.0000   2.4142   0.0000   0.0000 ]
[   0.0000   0.0000  -1.0020  -1.0000 ]
[   0.0000   0.0000  -0.2002   0.0000 ]

[2025-02-17 19:06:56] INFO: Rendering object at (0.482325, 0, 0)
[2025-02-17 19:06:56] INFO: Rendering object at (1.5, 2, 1)
[2025-02-17 19:06:56] INFO: Camera Position: (0, 0, -3)
[2025-02-17 19:06:56] INFO: Front Vector: (0.176548, 0, 0.984292)
[2025-02-17 19:06:56] INFO: View Matrix:
[   0.9843  -0.0000  -0.1765   0.0000 ]
[   0.0000   1.0000  -0.0000   0.0000 ]
[  -0.1765   0.0000  -0.9843   0.0000 ]
[  -0.5296  -0.0000  -2.9529   1.0000 ]

[2025-02-17 19:06:56] INFO: Projection Matrix:
[   1.3580   0.0000   0.0000   0.0000 ]
[   0.0000   2.4142   0.0000   0.0000 ]
[   0.0000   0.0000  -1.0020  -1.0000 ]
[   0.0000   0.0000  -0.2002   0.0000 ]

[2025-02-17 19:06:56] INFO: Rendering object at (0.538097, 0, 0)
[2025-02-17 19:06:56] INFO: Rendering object at (1.5, 2, 1)
[2025-02-17 19:06:56] INFO: Camera Position: (0, 0, -3)
[2025-02-17 19:06:56] INFO: Front Vector: (0.195049, 0, 0.980794)
[2025-02-17 19:06:56] INFO: View Matrix:
[   0.9808  -0.0000  -0.1950   0.0000 ]
[   0.0000   1.0000  -0.0000   0.0000 ]
[  -0.1950   0.0000  -0.9808   0.0000 ]
[  -0.5851  -0.0000  -2.9424   1.0000 ]

[2025-02-17 19:06:56] INFO: Projection Matrix:
[   1.3580   0.0000   0.0000   0.0000 ]
[   0.0000   2.4142   0.0000   0.0000 ]
[   0.0000   0.0000  -1.0020  -1.0000 ]
[   0.0000   0.0000  -0.2002   0.0000 ]

[2025-02-17 19:06:56] INFO: Rendering object at (0.596605, 0, 0)
[2025-02-17 19:06:56] INFO: Rendering object at (1.5, 2, 1)
[2025-02-17 19:06:56] INFO: Camera Position: (0, 0, -3)
[2025-02-17 19:06:56] INFO: Front Vector: (0.214173, 0, 0.976796)
[2025-02-17 19:06:56] INFO: View Matrix:
[   0.9768  -0.0000  -0.2142   0.0000 ]
[   0.0000   1.0000  -0.0000   0.0000 ]
[  -0.2142   0.0000  -0.9768   0.0000 ]
[  -0.6425  -0.0000  -2.9304   1.0000 ]

[2025-02-17 19:06:56] INFO: Projection Matrix:
[   1.3580   0.0000   0.0000   0.0000 ]
[   0.0000   2.4142   0.0000   0.0000 ]
[   0.0000   0.0000  -1.0020  -1.0000 ]
[   0.0000   0.0000  -0.2002   0.0000 ]

[2025-02-17 19:06:56] INFO: Rendering object at (0.657783, 0, 0)
[2025-02-17 19:06:56] INFO: Rendering object at (1.5, 2, 1)
[2025-02-17 19:06:56] INFO: Camera Position: (0, 0, -3)
[2025-02-17 19:06:56] INFO: Front Vector: (0.233852, 0, 0.972272)
[2025-02-17 19:06:56] INFO: View Matrix:
[   0.9723  -0.0000  -0.2339   0.0000 ]
[   0.0000   1.0000  -0.0000   0.0000 ]
[  -0.2339   0.0000  -0.9723   0.0000 ]
[  -0.7016  -0.0000  -2.9168   1.0000 ]

[2025-02-17 19:06:56] INFO: Projection Matrix:
[   1.3580   0.0000   0.0000   0.0000 ]
[   0.0000   2.4142   0.0000   0.0000 ]
[   0.0000   0.0000  -1.0020  -1.0000 ]
[   0.0000   0.0000  -0.2002   0.0000 ]

[2025-02-17 19:06:56] INFO: Rendering object at (0.721563, 0, 0)
[2025-02-17 19:06:56] INFO: Rendering object at (1.5, 2, 1)
[2025-02-17 19:06:56] INFO: Camera Position: (0, 0, -3)
[2025-02-17 19:06:56] INFO: Front Vector: (0.243876, 0, 0.969806)
[2025-02-17 19:06:56] INFO: View Matrix:
[   0.9698  -0.0000  -0.2439   0.0000 ]
[   0.0000   1.0000  -0.0000   0.0000 ]
[  -0.2439   0.0000  -0.9698   0.0000 ]
[  -0.7316  -0.0000  -2.9094   1.0000 ]

[2025-02-17 19:06:56] INFO: Projection Matrix:
[   1.3580   0.0000   0.0000   0.0000 ]
[   0.0000   2.4142   0.0000   0.0000 ]
[   0.0000   0.0000  -1.0020  -1.0000 ]
[   0.0000   0.0000  -0.2002   0.0000 ]

[2025-02-17 19:06:56] INFO: Rendering object at (0.754406, 0, 0)
[2025-02-17 19:06:56] INFO: Rendering object at (1.5, 2, 1)
[2025-02-17 19:06:56] INFO: Camera Position: (0, 0, -3)
[2025-02-17 19:06:56] INFO: Front Vector: (0.254011, 0, 0.967201)
[2025-02-17 19:06:56] INFO: View Matrix:
[   0.9672  -0.0000  -0.2540   0.0000 ]
[   0.0000   1.0000  -0.0000   0.0000 ]
[  -0.2540   0.0000  -0.9672   0.0000 ]
[  -0.7620  -0.0000  -2.9016   1.0000 ]

[2025-02-17 19:06:56] INFO: Projection Matrix:
[   1.3580   0.0000   0.0000   0.0000 ]
[   0.0000   2.4142   0.0000   0.0000 ]
[   0.0000   0.0000  -1.0020  -1.0000 ]
[   0.0000   0.0000  -0.2002   0.0000 ]

[2025-02-17 19:06:56] INFO: Rendering object at (0.787874, 0, 0)
[2025-02-17 19:06:56] INFO: Rendering object at (1.5, 2, 1)
[2025-02-17 19:06:56] INFO: Camera Position: (0, 0, -3)
[2025-02-17 19:06:56] INFO: Front Vector: (0.264247, 0, 0.964455)
[2025-02-17 19:06:56] INFO: View Matrix:
[   0.9645  -0.0000  -0.2642   0.0000 ]
[   0.0000   1.0000  -0.0000   0.0000 ]
[  -0.2642   0.0000  -0.9645   0.0000 ]
[  -0.7927  -0.0000  -2.8934   1.0000 ]

[2025-02-17 19:06:56] INFO: Projection Matrix:
[   1.3580   0.0000   0.0000   0.0000 ]
[   0.0000   2.4142   0.0000   0.0000 ]
[   0.0000   0.0000  -1.0020  -1.0000 ]
[   0.0000   0.0000  -0.2002   0.0000 ]

[2025-02-17 19:06:56] INFO: Rendering object at (0.821956, 0, 0)
[2025-02-17 19:06:56] INFO: Rendering object at (1.5, 2, 1)
[2025-02-17 19:06:56] INFO: Camera Position: (0, 0, -3)
[2025-02-17 19:06:56] INFO: Front Vector: (0.274573, 0, 0.961566)
[2025-02-17 19:06:56] INFO: View Matrix:
[   0.9616  -0.0000  -0.2746   0.0000 ]
[   0.0000   1.0000  -0.0000   0.0000 ]
[  -0.2746   0.0000  -0.9616   0.0000 ]
[  -0.8237  -0.0000  -2.8847   1.0000 ]

[2025-02-17 19:06:56] INFO: Projection Matrix:
[   1.3580   0.0000   0.0000   0.0000 ]
[   0.0000   2.4142   0.0000   0.0000 ]
[   0.0000   0.0000  -1.0020  -1.0000 ]
[   0.0000   0.0000  -0.2002   0.0000 ]

[2025-02-17 19:06:56] INFO: Rendering object at (0.856643, 0, 0)
[2025-02-17 19:06:56] INFO: Rendering object at (1.5, 2, 1)
[2025-02-17 19:06:56] INFO: Camera Position: (0, 0, -3)
[2025-02-17 19:06:56] INFO: Front Vector: (0.28498, 0, 0.958533)
[2025-02-17 19:06:56] INFO: View Matrix:
[   0.9585  -0.0000  -0.2850   0.0000 ]
[   0.0000   1.0000  -0.0000   0.0000 ]
[  -0.2850   0.0000  -0.9585   0.0000 ]
[  -0.8549  -0.0000  -2.8756   1.0000 ]

[2025-02-17 19:06:56] INFO: Projection Matrix:
[   1.3580   0.0000   0.0000   0.0000 ]
[   0.0000   2.4142   0.0000   0.0000 ]
[   0.0000   0.0000  -1.0020  -1.0000 ]
[   0.0000   0.0000  -0.2002   0.0000 ]

[2025-02-17 19:06:56] INFO: Rendering object at (0.891925, 0, 0)
[2025-02-17 19:06:56] INFO: Rendering object at (1.5, 2, 1)
[2025-02-17 19:06:56] INFO: Camera Position: (0, 0, -3)
[2025-02-17 19:06:56] INFO: Front Vector: (0.295457, 0, 0.955356)
[2025-02-17 19:06:56] INFO: View Matrix:
[   0.9554  -0.0000  -0.2955   0.0000 ]
[   0.0000   1.0000  -0.0000   0.0000 ]
[  -0.2955   0.0000  -0.9554   0.0000 ]
[  -0.8864  -0.0000  -2.8661   1.0000 ]

[2025-02-17 19:06:56] INFO: Projection Matrix:
[   1.3580   0.0000   0.0000   0.0000 ]
[   0.0000   2.4142   0.0000   0.0000 ]
[   0.0000   0.0000  -1.0020  -1.0000 ]
[   0.0000   0.0000  -0.2002   0.0000 ]

[2025-02-17 19:06:56] INFO: Rendering object at (0.927793, 0, 0)
[2025-02-17 19:06:56] INFO: Rendering object at (1.5, 2, 1)
[2025-02-17 19:06:56] INFO: Camera Position: (0, 0, -3)
[2025-02-17 19:06:56] INFO: Front Vector: (0.305995, 0, 0.952033)
[2025-02-17 19:06:56] INFO: View Matrix:
[   0.9520  -0.0000  -0.3060   0.0000 ]
[   0.0000   1.0000  -0.0000   0.0000 ]
[  -0.3060   0.0000  -0.9520   0.0000 ]
[  -0.9180  -0.0000  -2.8561   1.0000 ]

[2025-02-17 19:06:56] INFO: Projection Matrix:
[   1.3580   0.0000   0.0000   0.0000 ]
[   0.0000   2.4142   0.0000   0.0000 ]
[   0.0000   0.0000  -1.0020  -1.0000 ]
[   0.0000   0.0000  -0.2002   0.0000 ]

[2025-02-17 19:06:56] INFO: Rendering object at (0.964236, 0, 0)
[2025-02-17 19:06:56] INFO: Rendering object at (1.5, 2, 1)
[2025-02-17 19:06:56] INFO: Camera Position: (0, 0, -3)
[2025-02-17 19:06:56] INFO: Front Vector: (0.316582, 0, 0.948565)
[2025-02-17 19:06:56] INFO: View Matrix:
[   0.9486  -0.0000  -0.3166   0.0000 ]
[   0.0000   1.0000  -0.0000   0.0000 ]
[  -0.3166   0.0000  -0.9486   0.0000 ]
[  -0.9497  -0.0000  -2.8457   1.0000 ]

[2025-02-17 19:06:56] INFO: Projection Matrix:
[   1.3580   0.0000   0.0000   0.0000 ]
[   0.0000   2.4142   0.0000   0.0000 ]
[   0.0000   0.0000  -1.0020  -1.0000 ]
[   0.0000   0.0000  -0.2002   0.0000 ]

[2025-02-17 19:06:56] INFO: Rendering object at (1.00125, 0, 0)
[2025-02-17 19:06:56] INFO: Rendering object at (1.5, 2, 1)
[2025-02-17 19:06:56] INFO: Camera Position: (0, 0, -3)
[2025-02-17 19:06:56] INFO: Front Vector: (0.327208, 0, 0.944952)
[2025-02-17 19:06:56] INFO: View Matrix:
[   0.9450  -0.0000  -0.3272   0.0000 ]
[   0.0000   1.0000  -0.0000   0.0000 ]
[  -0.3272   0.0000  -0.9450   0.0000 ]
[  -0.9816  -0.0000  -2.8349   1.0000 ]

[2025-02-17 19:06:56] INFO: Projection Matrix:
[   1.3580   0.0000   0.0000   0.0000 ]
[   0.0000   2.4142   0.0000   0.0000 ]
[   0.0000   0.0000  -1.0020  -1.0000 ]
[   0.0000   0.0000  -0.2002   0.0000 ]

[2025-02-17 19:06:56] INFO: Rendering object at (1.03881, 0, 0)
[2025-02-17 19:06:56] INFO: Rendering object at (1.5, 2, 1)
[2025-02-17 19:06:56] INFO: Camera Position: (0, 0, -3)
[2025-02-17 19:06:56] INFO: Front Vector: (0.337863, 0, 0.941195)
[2025-02-17 19:06:56] INFO: View Matrix:
[   0.9412  -0.0000  -0.3379   0.0000 ]
[   0.0000   1.0000  -0.0000   0.0000 ]
[  -0.3379   0.0000  -0.9412   0.0000 ]
[  -1.0136  -0.0000  -2.8236   1.0000 ]

[2025-02-17 19:06:56] INFO: Projection Matrix:
[   1.3580   0.0000   0.0000   0.0000 ]
[   0.0000   2.4142   0.0000   0.0000 ]
[   0.0000   0.0000  -1.0020  -1.0000 ]
[   0.0000   0.0000  -0.2002   0.0000 ]

[2025-02-17 19:06:56] INFO: Rendering object at (1.07692, 0, 0)
[2025-02-17 19:06:56] INFO: Rendering object at (1.5, 2, 1)
[2025-02-17 19:06:56] INFO: Camera Position: (0, 0, -3)
[2025-02-17 19:06:56] INFO: Front Vector: (0.348537, 0, 0.937295)
[2025-02-17 19:06:56] INFO: View Matrix:
[   0.9373  -0.0000  -0.3485   0.0000 ]
[   0.0000   1.0000  -0.0000   0.0000 ]
[  -0.3485   0.0000  -0.9373   0.0000 ]
[  -1.0456  -0.0000  -2.8119   1.0000 ]

[2025-02-17 19:06:56] INFO: Projection Matrix:
[   1.3580   0.0000   0.0000   0.0000 ]
[   0.0000   2.4142   0.0000   0.0000 ]
[   0.0000   0.0000  -1.0020  -1.0000 ]
[   0.0000   0.0000  -0.2002   0.0000 ]

[2025-02-17 19:06:56] INFO: Rendering object at (1.11556, 0, 0)
[2025-02-17 19:06:56] INFO: Rendering object at (1.5, 2, 1)
[2025-02-17 19:06:56] INFO: Camera Position: (0, 0, -3)
[2025-02-17 19:06:56] INFO: Front Vector: (0.359218, 0, 0.933254)
[2025-02-17 19:06:56] INFO: View Matrix:
[   0.9333  -0.0000  -0.3592   0.0000 ]
[   0.0000   1.0000  -0.0000   0.0000 ]
[  -0.3592   0.0000  -0.9333   0.0000 ]
[  -1.0777  -0.0000  -2.7998   1.0000 ]

[2025-02-17 19:06:56] INFO: Projection Matrix:
[   1.3580   0.0000   0.0000   0.0000 ]
[   0.0000   2.4142   0.0000   0.0000 ]
[   0.0000   0.0000  -1.0020  -1.0000 ]
[   0.0000   0.0000  -0.2002   0.0000 ]

[2025-02-17 19:06:56] INFO: Rendering object at (1.15473, 0, 0)
[2025-02-17 19:06:56] INFO: Rendering object at (1.5, 2, 1)
[2025-02-17 19:06:56] INFO: Camera Position: (0, 0, -3)
[2025-02-17 19:06:56] INFO: Front Vector: (0.369897, 0, 0.929073)
[2025-02-17 19:06:56] INFO: View Matrix:
[   0.9291  -0.0000  -0.3699   0.0000 ]
[   0.0000   1.0000  -0.0000   0.0000 ]
[  -0.3699   0.0000  -0.9291   0.0000 ]
[  -1.1097  -0.0000  -2.7872   1.0000 ]

[2025-02-17 19:06:56] INFO: Projection Matrix:
[   1.3580   0.0000   0.0000   0.0000 ]
[   0.0000   2.4142   0.0000   0.0000 ]
[   0.0000   0.0000  -1.0020  -1.0000 ]
[   0.0000   0.0000  -0.2002   0.0000 ]

[2025-02-17 19:06:56] INFO: Rendering object at (1.19441, 0, 0)
[2025-02-17 19:06:56] INFO: Rendering object at (1.5, 2, 1)
[2025-02-17 19:06:56] INFO: Camera Position: (0, 0, -3)
[2025-02-17 19:06:56] INFO: Front Vector: (0.380563, 0, 0.924755)
[2025-02-17 19:06:56] INFO: View Matrix:
[   0.9248  -0.0000  -0.3806   0.0000 ]
[   0.0000   1.0000  -0.0000   0.0000 ]
[  -0.3806   0.0000  -0.9248   0.0000 ]
[  -1.1417  -0.0000  -2.7743   1.0000 ]

[2025-02-17 19:06:56] INFO: Projection Matrix:
[   1.3580   0.0000   0.0000   0.0000 ]
[   0.0000   2.4142   0.0000   0.0000 ]
[   0.0000   0.0000  -1.0020  -1.0000 ]
[   0.0000   0.0000  -0.2002   0.0000 ]

[2025-02-17 19:06:56] INFO: Rendering object at (1.23459, 0, 0)
[2025-02-17 19:06:56] INFO: Rendering object at (1.5, 2, 1)
[2025-02-17 19:06:56] INFO: Camera Position: (0, 0, -3)
[2025-02-17 19:06:56] INFO: Front Vector: (0.391207, 0, 0.920303)
[2025-02-17 19:06:56] INFO: View Matrix:
[   0.9203  -0.0000  -0.3912   0.0000 ]
[   0.0000   1.0000  -0.0000   0.0000 ]
[  -0.3912   0.0000  -0.9203   0.0000 ]
[  -1.1736  -0.0000  -2.7609   1.0000 ]

[2025-02-17 19:06:56] INFO: Projection Matrix:
[   1.3580   0.0000   0.0000   0.0000 ]
[   0.0000   2.4142   0.0000   0.0000 ]
[   0.0000   0.0000  -1.0020  -1.0000 ]
[   0.0000   0.0000  -0.2002   0.0000 ]

[2025-02-17 19:06:56] INFO: Rendering object at (1.27526, 0, 0)
[2025-02-17 19:06:56] INFO: Rendering object at (1.5, 2, 1)
[2025-02-17 19:06:56] INFO: Camera Position: (0, 0, -3)
[2025-02-17 19:06:56] INFO: Front Vector: (0.40182, 0, 0.915719)
[2025-02-17 19:06:56] INFO: View Matrix:
[   0.9157  -0.0000  -0.4018   0.0000 ]
[   0.0000   1.0000  -0.0000   0.0000 ]
[  -0.4018   0.0000  -0.9157   0.0000 ]
[  -1.2055  -0.0000  -2.7472   1.0000 ]

[2025-02-17 19:06:56] INFO: Projection Matrix:
[   1.3580   0.0000   0.0000   0.0000 ]
[   0.0000   2.4142   0.0000   0.0000 ]
[   0.0000   0.0000  -1.0020  -1.0000 ]
[   0.0000   0.0000  -0.2002   0.0000 ]

[2025-02-17 19:06:56] INFO: Rendering object at (1.31641, 0, 0)
[2025-02-17 19:06:56] INFO: Rendering object at (1.5, 2, 1)
[2025-02-17 19:06:56] INFO: Camera Position: (0, 0, -3)
[2025-02-17 19:06:56] INFO: Front Vector: (0.41239, 0, 0.911007)
[2025-02-17 19:06:56] INFO: View Matrix:
[   0.9110  -0.0000  -0.4124   0.0000 ]
[   0.0000   1.0000  -0.0000   0.0000 ]
[  -0.4124   0.0000  -0.9110   0.0000 ]
[  -1.2372  -0.0000  -2.7330   1.0000 ]

[2025-02-17 19:06:56] INFO: Projection Matrix:
[   1.3580   0.0000   0.0000   0.0000 ]
[   0.0000   2.4142   0.0000   0.0000 ]
[   0.0000   0.0000  -1.0020  -1.0000 ]
[   0.0000   0.0000  -0.2002   0.0000 ]

[2025-02-17 19:06:56] INFO: Rendering object at (1.35802, 0, 0)
[2025-02-17 19:06:56] INFO: Rendering object at (1.5, 2, 1)
[2025-02-17 19:06:56] INFO: Camera Position: (0, 0, -3)
[2025-02-17 19:06:56] INFO: Front Vector: (0.42291, 0, 0.906172)
[2025-02-17 19:06:56] INFO: View Matrix:
[   0.9062  -0.0000  -0.4229   0.0000 ]
[   0.0000   1.0000  -0.0000   0.0000 ]
[  -0.4229   0.0000  -0.9062   0.0000 ]
[  -1.2687  -0.0000  -2.7185   1.0000 ]

[2025-02-17 19:06:56] INFO: Projection Matrix:
[   1.3580   0.0000   0.0000   0.0000 ]
[   0.0000   2.4142   0.0000   0.0000 ]
[   0.0000   0.0000  -1.0020  -1.0000 ]
[   0.0000   0.0000  -0.2002   0.0000 ]

[2025-02-17 19:06:56] INFO: Rendering object at (1.4001, 0, 0)
[2025-02-17 19:06:56] INFO: Rendering object at (1.5, 2, 1)
[2025-02-17 19:06:56] INFO: Camera Position: (0, 0, -3)
[2025-02-17 19:06:56] INFO: Front Vector: (0.43337, 0, 0.901216)
[2025-02-17 19:06:56] INFO: View Matrix:
[   0.9012  -0.0000  -0.4334   0.0000 ]
[   0.0000   1.0000  -0.0000   0.0000 ]
[  -0.4334   0.0000  -0.9012   0.0000 ]
[  -1.3001  -0.0000  -2.7036   1.0000 ]

[2025-02-17 19:06:56] INFO: Projection Matrix:
[   1.3580   0.0000   0.0000   0.0000 ]
[   0.0000   2.4142   0.0000   0.0000 ]
[   0.0000   0.0000  -1.0020  -1.0000 ]
[   0.0000   0.0000  -0.2002   0.0000 ]

[2025-02-17 19:06:56] INFO: Rendering object at (1.44262, 0, 0)
[2025-02-17 19:06:56] INFO: Rendering object at (1.5, 2, 1)
[2025-02-17 19:06:56] INFO: Camera Position: (0, 0, -3)
[2025-02-17 19:06:56] INFO: Front Vector: (0.443761, 0, 0.896145)
[2025-02-17 19:06:56] INFO: View Matrix:
[   0.8961  -0.0000  -0.4438   0.0000 ]
[   0.0000   1.0000  -0.0000   0.0000 ]
[  -0.4438   0.0000  -0.8961   0.0000 ]
[  -1.3313  -0.0000  -2.6884   1.0000 ]

[2025-02-17 19:06:56] INFO: Projection Matrix:
[   1.3580   0.0000   0.0000   0.0000 ]
[   0.0000   2.4142   0.0000   0.0000 ]
[   0.0000   0.0000  -1.0020  -1.0000 ]
[   0.0000   0.0000  -0.2002   0.0000 ]

[2025-02-17 19:06:56] INFO: Rendering object at (1.48557, 0, 0)
[2025-02-17 19:06:56] INFO: Rendering object at (1.5, 2, 1)
[2025-02-17 19:06:56] INFO: Camera Position: (0, 0, -3)
[2025-02-17 19:06:56] INFO: Front Vector: (0.454076, 0, 0.890963)
[2025-02-17 19:06:56] INFO: View Matrix:
[   0.8910  -0.0000  -0.4541   0.0000 ]
[   0.0000   1.0000  -0.0000   0.0000 ]
[  -0.4541   0.0000  -0.8910   0.0000 ]
[  -1.3622  -0.0000  -2.6729   1.0000 ]

[2025-02-17 19:06:56] INFO: Projection Matrix:
[   1.3580   0.0000   0.0000   0.0000 ]
[   0.0000   2.4142   0.0000   0.0000 ]
[   0.0000   0.0000  -1.0020  -1.0000 ]
[   0.0000   0.0000  -0.2002   0.0000 ]

[2025-02-17 19:06:56] INFO: Rendering object at (1.52894, 0, 0)
[2025-02-17 19:06:56] INFO: Rendering object at (1.5, 2, 1)
[2025-02-17 19:06:56] INFO: Camera Position: (0, 0, -3)
[2025-02-17 19:06:56] INFO: Front Vector: (0.464306, 0, 0.885675)
[2025-02-17 19:06:56] INFO: View Matrix:
[   0.8857  -0.0000  -0.4643   0.0000 ]
[   0.0000   1.0000  -0.0000   0.0000 ]
[  -0.4643   0.0000  -0.8857   0.0000 ]
[  -1.3929  -0.0000  -2.6570   1.0000 ]

[2025-02-17 19:06:56] INFO: Projection Matrix:
[   1.3580   0.0000   0.0000   0.0000 ]
[   0.0000   2.4142   0.0000   0.0000 ]
[   0.0000   0.0000  -1.0020  -1.0000 ]
[   0.0000   0.0000  -0.2002   0.0000 ]

[2025-02-17 19:06:56] INFO: Rendering object at (1.57272, 0, 0)
[2025-02-17 19:06:56] INFO: Rendering object at (1.5, 2, 1)
[2025-02-17 19:06:56] INFO: Camera Position: (0, 0, -3)
[2025-02-17 19:06:56] INFO: Front Vector: (0.474443, 0, 0.880286)
[2025-02-17 19:06:56] INFO: View Matrix:
[   0.8803  -0.0000  -0.4744   0.0000 ]
[   0.0000   1.0000  -0.0000   0.0000 ]
[  -0.4744   0.0000  -0.8803   0.0000 ]
[  -1.4233  -0.0000  -2.6409   1.0000 ]

[2025-02-17 19:06:56] INFO: Projection Matrix:
[   1.3580   0.0000   0.0000   0.0000 ]
[   0.0000   2.4142   0.0000   0.0000 ]
[   0.0000   0.0000  -1.0020  -1.0000 ]
[   0.0000   0.0000  -0.2002   0.0000 ]

[2025-02-17 19:06:56] INFO: Rendering object at (1.61689, 0, 0)
[2025-02-17 19:06:56] INFO: Rendering object at (1.5, 2, 1)
[2025-02-17 19:06:56] INFO: Camera Position: (0, 0, -3)
[2025-02-17 19:06:56] INFO: Front Vector: (0.484481, 0, 0.874802)
[2025-02-17 19:06:56] INFO: View Matrix:
[   0.8748  -0.0000  -0.4845   0.0000 ]
[   0.0000   1.0000  -0.0000   0.0000 ]
[  -0.4845   0.0000  -0.8748   0.0000 ]
[  -1.4534  -0.0000  -2.6244   1.0000 ]

[2025-02-17 19:06:56] INFO: Projection Matrix:
[   1.3580   0.0000   0.0000   0.0000 ]
[   0.0000   2.4142   0.0000   0.0000 ]
[   0.0000   0.0000  -1.0020  -1.0000 ]
[   0.0000   0.0000  -0.2002   0.0000 ]

[2025-02-17 19:06:56] INFO: Rendering object at (1.66145, 0, 0)
[2025-02-17 19:06:56] INFO: Rendering object at (1.5, 2, 1)
[2025-02-17 19:06:56] INFO: Camera Position: (0, 0, -3)
[2025-02-17 19:06:56] INFO: Front Vector: (0.494412, 0, 0.869227)
[2025-02-17 19:06:56] INFO: View Matrix:
[   0.8692  -0.0000  -0.4944   0.0000 ]
[   0.0000   1.0000  -0.0000   0.0000 ]
[  -0.4944   0.0000  -0.8692   0.0000 ]
[  -1.4832  -0.0000  -2.6077   1.0000 ]

[2025-02-17 19:06:56] INFO: Projection Matrix:
[   1.3580   0.0000   0.0000   0.0000 ]
[   0.0000   2.4142   0.0000   0.0000 ]
[   0.0000   0.0000  -1.0020  -1.0000 ]
[   0.0000   0.0000  -0.2002   0.0000 ]

[2025-02-17 19:06:56] INFO: Rendering object at (1.70639, 0, 0)
[2025-02-17 19:06:56] INFO: Rendering object at (1.5, 2, 1)
[2025-02-17 19:06:56] INFO: Camera Position: (0, 0, -3)
[2025-02-17 19:06:56] INFO: Front Vector: (0.504231, 0, 0.863569)
[2025-02-17 19:06:56] INFO: View Matrix:
[   0.8636  -0.0000  -0.5042   0.0000 ]
[   0.0000   1.0000  -0.0000   0.0000 ]
[  -0.5042   0.0000  -0.8636   0.0000 ]
[  -1.5127  -0.0000  -2.5907   1.0000 ]

[2025-02-17 19:06:56] INFO: Projection Matrix:
[   1.3580   0.0000   0.0000   0.0000 ]
[   0.0000   2.4142   0.0000   0.0000 ]
[   0.0000   0.0000  -1.0020  -1.0000 ]
[   0.0000   0.0000  -0.2002   0.0000 ]

[2025-02-17 19:06:56] INFO: Rendering object at (1.75168, 0, 0)
[2025-02-17 19:06:56] INFO: Rendering object at (1.5, 2, 1)
[2025-02-17 19:06:56] INFO: Camera Position: (0, 0, -3)
[2025-02-17 19:06:56] INFO: Front Vector: (0.513931, 0, 0.857831)
[2025-02-17 19:06:56] INFO: View Matrix:
[   0.8578  -0.0000  -0.5139   0.0000 ]
[   0.0000   1.0000  -0.0000   0.0000 ]
[  -0.5139   0.0000  -0.8578   0.0000 ]
[  -1.5418  -0.0000  -2.5735   1.0000 ]

[2025-02-17 19:06:56] INFO: Projection Matrix:
[   1.3580   0.0000   0.0000   0.0000 ]
[   0.0000   2.4142   0.0000   0.0000 ]
[   0.0000   0.0000  -1.0020  -1.0000 ]
[   0.0000   0.0000  -0.2002   0.0000 ]

[2025-02-17 19:06:56] INFO: Rendering object at (1.79732, 0, 0)
[2025-02-17 19:06:56] INFO: Rendering object at (1.5, 2, 1)
[2025-02-17 19:06:56] INFO: Camera Position: (0, 0, -3)
[2025-02-17 19:06:56] INFO: Front Vector: (0.523507, 0, 0.852021)
[2025-02-17 19:06:56] INFO: View Matrix:
[   0.8520  -0.0000  -0.5235   0.0000 ]
[   0.0000   1.0000  -0.0000   0.0000 ]
[  -0.5235   0.0000  -0.8520   0.0000 ]
[  -1.5705  -0.0000  -2.5561   1.0000 ]

[2025-02-17 19:06:56] INFO: Projection Matrix:
[   1.3580   0.0000   0.0000   0.0000 ]
[   0.0000   2.4142   0.0000   0.0000 ]
[   0.0000   0.0000  -1.0020  -1.0000 ]
[   0.0000   0.0000  -0.2002   0.0000 ]

[2025-02-17 19:06:56] INFO: Rendering object at (1.84329, 0, 0)
[2025-02-17 19:06:56] INFO: Rendering object at (1.5, 2, 1)
[2025-02-17 19:06:56] INFO: Camera Position: (0, 0, -3)
[2025-02-17 19:06:56] INFO: Front Vector: (0.532953, 0, 0.846145)
[2025-02-17 19:06:56] INFO: View Matrix:
[   0.8461  -0.0000  -0.5330   0.0000 ]
[   0.0000   1.0000  -0.0000   0.0000 ]
[  -0.5330   0.0000  -0.8461   0.0000 ]
[  -1.5989  -0.0000  -2.5384   1.0000 ]

[2025-02-17 19:06:56] INFO: Projection Matrix:
[   1.3580   0.0000   0.0000   0.0000 ]
[   0.0000   2.4142   0.0000   0.0000 ]
[   0.0000   0.0000  -1.0020  -1.0000 ]
[   0.0000   0.0000  -0.2002   0.0000 ]

[2025-02-17 19:06:56] INFO: Rendering object at (1.88958, 0, 0)
[2025-02-17 19:06:56] INFO: Rendering object at (1.5, 2, 1)
[2025-02-17 19:06:56] INFO: Camera Position: (0, 0, -3)
[2025-02-17 19:06:56] INFO: Front Vector: (0.542265, 0, 0.840207)
[2025-02-17 19:06:56] INFO: View Matrix:
[   0.8402  -0.0000  -0.5423   0.0000 ]
[   0.0000   1.0000  -0.0000   0.0000 ]
[  -0.5423   0.0000  -0.8402   0.0000 ]
[  -1.6268  -0.0000  -2.5206   1.0000 ]

[2025-02-17 19:06:56] INFO: Projection Matrix:
[   1.3580   0.0000   0.0000   0.0000 ]
[   0.0000   2.4142   0.0000   0.0000 ]
[   0.0000   0.0000  -1.0020  -1.0000 ]
[   0.0000   0.0000  -0.2002   0.0000 ]

[2025-02-17 19:06:56] INFO: Rendering object at (1.93618, 0, 0)
[2025-02-17 19:06:56] INFO: Rendering object at (1.5, 2, 1)
[2025-02-17 19:06:56] INFO: Camera Position: (0, 0, -3)
[2025-02-17 19:06:56] INFO: Front Vector: (0.551439, 0, 0.834215)
[2025-02-17 19:06:56] INFO: View Matrix:
[   0.8342  -0.0000  -0.5514   0.0000 ]
[   0.0000   1.0000  -0.0000   0.0000 ]
[  -0.5514   0.0000  -0.8342   0.0000 ]
[  -1.6543  -0.0000  -2.5026   1.0000 ]

[2025-02-17 19:06:56] INFO: Projection Matrix:
[   1.3580   0.0000   0.0000   0.0000 ]
[   0.0000   2.4142   0.0000   0.0000 ]
[   0.0000   0.0000  -1.0020  -1.0000 ]
[   0.0000   0.0000  -0.2002   0.0000 ]

[2025-02-17 19:06:56] INFO: Rendering object at (1.98308, 0, 0)
[2025-02-17 19:06:56] INFO: Rendering object at (1.5, 2, 1)
[2025-02-17 19:06:56] INFO: Camera Position: (0, 0, -3)
[2025-02-17 19:06:56] INFO: Front Vector: (0.56047, 0, 0.828175)
[2025-02-17 19:06:56] INFO: View Matrix:
[   0.8282  -0.0000  -0.5605   0.0000 ]
[   0.0000   1.0000  -0.0000   0.0000 ]
[  -0.5605   0.0000  -0.8282   0.0000 ]
[  -1.6814  -0.0000  -2.4845   1.0000 ]

[2025-02-17 19:06:56] INFO: Projection Matrix:
[   1.3580   0.0000   0.0000   0.0000 ]
[   0.0000   2.4142   0.0000   0.0000 ]
[   0.0000   0.0000  -1.0020  -1.0000 ]
[   0.0000   0.0000  -0.2002   0.0000 ]

